     1	631	148313	148944
     2	631	148413	149044
     3	631	148514	149145
     4	631	148614	149245
     5	631	148714	149345
     6	631	148815	149446
     7	631	148915	149546
     8	631	149015	149646
     9	631	149116	149747
    10	631	149216	149847
    11	631	149316	149947
    12	631	149416	150047
    13	631	149517	150148
    14	631	149617	150248
    15	631	149717	150348
    16	631	149818	150449
    17	631	149918	150549
    18	631	150018	150649
    19	631	150119	150750
    20	631	150219	150850
    21	631	150319	150950
    22	631	150419	151050
    23	631	150520	151151
    24	631	150620	151251
    25	631	150720	151351
    26	631	150821	151452
    27	631	150921	151552
    28	631	151021	151652
    29	631	151122	151753
    30	631	151222	151853
    31	631	151322	151953
    32	631	151423	152054
    33	631	151523	152154
    34	631	151623	152254
    35	631	151724	152355
    36	631	151824	152455
    37	631	151924	152555
    38	631	152024	152655
    39	631	152125	152756
    40	631	152225	152856
    41	631	152325	152956
    42	631	152426	153057
    43	631	152526	153157
    44	631	152626	153257
    45	631	152727	153358
    46	631	152827	153458
    47	631	152927	153558
    48	631	153028	153659
    49	631	153128	153759
    50	631	153228	153859
    51	631	153329	153960
    52	631	153429	154060
    53	631	153529	154160
    54	631	153629	154260
    55	631	153730	154361
    56	631	153830	154461
    57	631	153930	154561
    58	631	154031	154662
    59	631	154131	154762
    60	631	154231	154862
    61	631	154332	154963
    62	631	154432	155063
    63	631	154532	155163
    64	631	154633	155264
    65	631	154733	155364
    66	631	154833	155464
    67	631	154933	155564
    68	631	155034	155665
    69	631	155134	155765
    70	631	155234	155865
    71	631	155335	155966
    72	631	155435	156066
    73	631	155535	156166
    74	631	155636	156267
    75	631	155736	156367
    76	631	155836	156467
    77	631	155937	156568
    78	631	156037	156668
    79	631	156137	156768
    80	631	156238	156869
    81	631	156338	156969
    82	631	156438	157069
    83	631	156538	157169
    84	631	156639	157270
    85	631	156739	157370
    86	631	156839	157470
    87	631	156940	157571
    88	631	157040	157671
    89	631	157140	157771
    90	631	157241	157872
    91	631	157341	157972
    92	631	157441	158072
    93	631	157541	158172
    94	631	157642	158273
    95	631	157742	158373
    96	631	157842	158473
    97	631	157943	158574
    98	631	158043	158674
    99	631	158143	158774
   100	631	158244	158875
   101	631	158344	158975
   102	631	158444	159075
   103	631	158545	159176
   104	631	158645	159276
   105	631	158745	159376
   106	631	158846	159477
   107	631	158946	159577
   108	631	159046	159677
   109	631	159146	159777
   110	631	159247	159878
   111	631	159347	159978
   112	631	159447	160078
   113	631	159548	160179
   114	631	159648	160279
   115	631	159748	160379
   116	631	159849	160480
   117	631	159949	160580
   118	631	160049	160680
   119	631	160150	160781
   120	631	160250	160881
   121	631	160350	160981
   122	631	160451	161082
   123	631	160551	161182
   124	631	160651	161282
   125	631	160751	161382
   126	631	160852	161483
   127	631	160952	161583
   128	631	161052	161683
   129	631	161153	161784
   130	631	161253	161884
   131	631	161353	161984
   132	631	161454	162085
   133	631	161554	162185
   134	631	161654	162285
   135	631	161755	162386
   136	631	161855	162486
   137	631	161955	162586
   138	631	162055	162686
   139	631	162156	162787
   140	631	162256	162887
   141	631	162356	162987
   142	631	162457	163088
   143	631	162557	163188
   144	631	162657	163288
   145	631	162758	163389
   146	631	162858	163489
   147	631	162958	163589
   148	631	163059	163690
   149	631	163159	163790
   150	631	163259	163890
   151	631	163359	163990
   152	631	163460	164091
   153	631	163560	164191
   154	631	163660	164291
   155	631	163761	164392
   156	631	163861	164492
   157	631	163961	164592
   158	631	164062	164693
   159	631	164162	164793
   160	631	164262	164893
   161	631	164363	164994
   162	631	164463	165094
   163	631	164563	165194
   164	631	164663	165294
   165	631	164764	165395
   166	631	164864	165495
   167	631	164964	165595
   168	631	165065	165696
   169	631	165165	165796
   170	631	165265	165896
   171	631	165366	165997
   172	631	165466	166097
   173	631	165566	166197
   174	631	165667	166298
   175	631	165767	166398
   176	631	165867	166498
   177	631	165968	166599
   178	631	166068	166699
   179	631	166168	166799
   180	631	166268	166899
   181	631	166369	167000
   182	631	166469	167100
   183	631	166569	167200
   184	631	166670	167301
   185	631	166770	167401
   186	631	166870	167501
   187	631	166971	167602
   188	631	167071	167702
   189	631	167171	167802
   190	631	167272	167903
   191	631	167372	168003
   192	631	167472	168103
   193	631	167573	168204
   194	631	167673	168304
   195	631	167773	168404
   196	631	167873	168504
   197	631	167974	168605
   198	631	168074	168705
   199	631	168174	168805
   200	631	168275	168906
   201	631	168375	169006
   202	631	168475	169106
   203	631	168576	169207
   204	631	168676	169307
   205	631	168776	169407
   206	631	168877	169508
   207	631	168977	169608
   208	631	169077	169708
   209	631	169177	169808
   210	631	169278	169909
   211	631	169378	170009
   212	631	169478	170109
   213	631	169579	170210
   214	631	169679	170310
   215	631	169779	170410
   216	631	169880	170511
   217	631	169980	170611
   218	631	170080	170711
   219	631	170181	170812
   220	631	170281	170912
   221	631	170381	171012
   222	631	170481	171112
   223	631	170582	171213
   224	631	170682	171313
   225	631	170782	171413
   226	631	170883	171514
   227	631	170983	171614
   228	631	171083	171714
   229	631	171184	171815
   230	631	171284	171915
   231	631	171384	172015
   232	631	171485	172116
   233	631	171585	172216
   234	631	171685	172316
   235	631	171785	172416
   236	631	171886	172517
   237	631	171986	172617
   238	631	172086	172717
   239	631	172187	172818
   240	631	172287	172918
   241	631	172387	173018
   242	631	172488	173119
   243	631	172588	173219
   244	631	172688	173319
   245	631	172789	173420
   246	631	172889	173520
   247	631	172989	173620
   248	631	173090	173721
   249	631	173190	173821
   250	631	173290	173921
   251	631	173390	174021
   252	631	173491	174122
   253	631	173591	174222
   254	631	173691	174322
   255	631	173792	174423
   256	631	173892	174523
   257	631	173992	174623
   258	631	174093	174724
   259	631	174193	174824
   260	631	174293	174924
   261	631	174394	175025
   262	631	174494	175125
   263	631	174594	175225
   264	631	174695	175326
   265	631	174795	175426
   266	631	174895	175526
   267	631	174995	175626
   268	631	175096	175727
   269	631	175196	175827
   270	631	175296	175927
   271	631	175397	176028
   272	631	175497	176128
   273	631	175597	176228
   274	631	175698	176329
   275	631	175798	176429
   276	631	175898	176529
   277	631	175999	176630
   278	631	176099	176730
   279	631	176199	176830
   280	631	176300	176931
   281	631	176400	177031
   282	631	176500	177131
   283	631	176600	177231
   284	631	176701	177332
   285	631	176801	177432
   286	631	176901	177532
   287	631	177002	177633
   288	631	177102	177733
   289	631	177202	177833
   290	631	177303	177934
   291	631	177403	178034
   292	631	177503	178134
   293	631	177603	178234
   294	631	177704	178335
   295	631	177804	178435
   296	631	177904	178535
   297	631	178005	178636
   298	631	178105	178736
   299	631	178205	178836
   300	631	178306	178937
   301	631	178406	179037
   302	631	178506	179137
   303	631	178607	179238
   304	631	178707	179338
   305	631	178807	179438
   306	631	178907	179538
   307	631	179008	179639
   308	631	179108	179739
   309	631	179208	179839
   310	631	179309	179940
   311	631	179409	180040
   312	631	179509	180140
   313	631	179610	180241
   314	631	179710	180341
   315	631	179810	180441
   316	631	179911	180542
   317	631	180011	180642
   318	631	180111	180742
   319	631	180212	180843
   320	631	180312	180943
   321	631	180412	181043
   322	631	180512	181143
   323	631	180613	181244
   324	631	180713	181344
   325	631	180813	181444
   326	631	180914	181545
   327	631	181014	181645
   328	631	181114	181745
   329	631	181215	181846
   330	631	181315	181946
   331	631	181415	182046
   332	631	181516	182147
   333	631	181616	182247
   334	631	181716	182347
   335	631	181817	182448
   336	631	181917	182548
   337	631	182017	182648
   338	631	182117	182748
   339	631	182218	182849
   340	631	182318	182949
   341	631	182418	183049
   342	631	182519	183150
   343	631	182619	183250
   344	631	182719	183350
   345	631	182820	183451
   346	631	182920	183551
   347	631	183020	183651
   348	631	183120	183751
   349	631	183221	183852
   350	631	183321	183952
   351	631	183421	184052
   352	631	183522	184153
   353	631	183622	184253
   354	631	183722	184353
   355	631	183823	184454
   356	631	183923	184554
   357	631	184023	184654
   358	631	184124	184755
   359	631	184224	184855
   360	631	184324	184955
   361	631	184425	185056
   362	631	184525	185156
   363	631	184625	185256
   364	631	184725	185356
   365	631	184826	185457
   366	631	184926	185557
   367	631	185026	185657
   368	631	185127	185758
   369	631	185227	185858
   370	631	185327	185958
   371	631	185428	186059
   372	631	185528	186159
   373	631	185628	186259
   374	631	185729	186360
   375	631	185829	186460
   376	631	185929	186560
   377	631	186029	186660
   378	631	186130	186761
   379	631	186230	186861
   380	631	186330	186961
   381	631	186431	187062
   382	631	186531	187162
   383	631	186631	187262
   384	631	186732	187363
   385	631	186832	187463
   386	631	186932	187563
   387	631	187033	187664
   388	631	187133	187764
   389	631	187233	187864
   390	631	187334	187965
   391	631	187434	188065
   392	631	187534	188165
   393	631	187634	188265
   394	631	187735	188366
   395	631	187835	188466
   396	631	187935	188566
   397	631	188036	188667
   398	631	188136	188767
   399	631	188236	188867
   400	631	188337	188968
   401	631	188437	189068
   402	631	188537	189168
   403	631	188638	189269
   404	631	188738	189369
   405	631	188838	189469
   406	631	188939	189570
   407	631	189039	189670
   408	631	189139	189770
   409	631	189239	189870
   410	631	189340	189971
   411	631	189440	190071
   412	631	189540	190171
   413	631	189641	190272
   414	631	189741	190372
   415	631	189841	190472
   416	631	189942	190573
   417	631	190042	190673
   418	631	190142	190773
   419	631	190242	190873
   420	631	190343	190974
   421	631	190443	191074
   422	631	190543	191174
   423	631	190644	191275
   424	631	190744	191375
   425	631	190844	191475
   426	631	190945	191576
   427	631	191045	191676
   428	631	191145	191776
   429	631	191246	191877
   430	631	191346	191977
   431	631	191446	192077
   432	631	191547	192178
   433	631	191647	192278
   434	631	191747	192378
   435	631	191847	192478
   436	631	191948	192579
   437	631	192048	192679
   438	631	192148	192779
   439	631	192249	192880
   440	631	192349	192980
   441	631	192449	193080
   442	631	192550	193181
   443	631	192650	193281
   444	631	192750	193381
   445	631	192851	193482
   446	631	192951	193582
   447	631	193051	193682
   448	631	193152	193783
   449	631	193252	193883
   450	631	193352	193983
   451	631	193452	194083
   452	631	193553	194184
   453	631	193653	194284
   454	631	193753	194384
   455	631	193854	194485
   456	631	193954	194585
   457	631	194054	194685
   458	631	194155	194786
   459	631	194255	194886
   460	631	194355	194986
   461	631	194456	195087
   462	631	194556	195187
   463	631	194656	195287
   464	631	194756	195387
   465	631	194857	195488
   466	631	194957	195588
   467	631	195057	195688
   468	631	195158	195789
   469	631	195258	195889
   470	631	195358	195989
   471	631	195459	196090
   472	631	195559	196190
   473	631	195659	196290
   474	631	195760	196391
   475	631	195860	196491
   476	631	195960	196591
   477	631	196060	196691
   478	631	196161	196792
   479	631	196261	196892
   480	631	196361	196992
   481	631	196462	197093
   482	631	196562	197193
   483	631	196662	197293
   484	631	196763	197394
   485	631	196863	197494
   486	631	196963	197594
   487	631	197064	197695
   488	631	197164	197795
   489	631	197264	197895
   490	631	197364	197995
   491	631	197465	198096
   492	631	197565	198196
   493	631	197665	198296
   494	631	197766	198397
   495	631	197866	198497
   496	631	197966	198597
   497	631	198067	198698
   498	631	198167	198798
   499	631	198267	198898
   500	631	198308	198939
   501	631	199584	200215
   502	631	199685	200316
   503	631	199785	200416
   504	631	199885	200516
   505	631	199986	200617
   506	631	200086	200717
   507	631	200186	200817
   508	631	200287	200918
   509	631	200387	201018
   510	631	200487	201118
   511	631	200588	201219
   512	631	200688	201319
   513	631	200788	201419
   514	631	200888	201519
   515	631	200989	201620
   516	631	201089	201720
   517	631	201189	201820
   518	631	201290	201921
   519	631	201390	202021
   520	Initialized!
   521	8	9992	10000
   522	25	9975	10000
   523	39	9961	10000
   524	47	9953	10000
   525	50	9950	10000
   526	51	9949	10000
   527	52	9948	10000
   528	52	9948	10000
   529	52	9948	10000
   530	52	9948	10000
   531	52	9948	10000
   532	52	9948	10000
   533	52	9948	10000
   534	52	9948	10000
   535	52	9948	10000
   536	52	9948	10000
   537	52	9948	10000
   538	52	9948	10000
   539	52	9948	10000
   540	52	9948	10000
   541	52	9948	10000
   542	52	9948	10000
   543	52	9948	10000
   544	52	9948	10000
   545	52	9948	10000
   546	52	9948	10000
   547	52	9948	10000
   548	52	9948	10000
   549	52	9948	10000
   550	52	9948	10000
   551	52	9948	10000
   552	52	9948	10000
   553	52	9948	10000
   554	52	9948	10000
   555	52	9948	10000
   556	52	9948	10000
   557	52	9948	10000
   558	52	9948	10000
   559	52	9948	10000
   560	52	9948	10000
   561	52	9948	10000
   562	52	9948	10000
   563	52	9948	10000
   564	52	9948	10000
   565	52	9948	10000
   566	52	9948	10000
   567	52	9948	10000
   568	52	9948	10000
   569	52	9948	10000
   570	52	9948	10000
   571	52	9948	10000
   572	52	9948	10000
   573	52	9948	10000
   574	52	9948	10000
   575	52	9948	10000
   576	52	9948	10000
   577	52	9948	10000
   578	52	9948	10000
   579	52	9948	10000
   580	52	9948	10000
   581	52	9948	10000
   582	52	9948	10000
   583	52	9948	10000
   584	52	9948	10000
   585	52	9948	10000
   586	52	9948	10000
   587	52	9948	10000
   588	52	9948	10000
   589	52	9948	10000
   590	52	9948	10000
   591	52	9948	10000
   592	52	9948	10000
   593	52	9948	10000
   594	52	9948	10000
   595	52	9948	10000
   596	52	9948	10000
   597	52	9948	10000
   598	52	9948	10000
   599	52	9948	10000
   600	52	9948	10000
   601	52	9948	10000
   602	52	9948	10000
   603	52	9948	10000
   604	52	9948	10000
   605	52	9948	10000
   606	52	9948	10000
   607	52	9948	10000
   608	52	9948	10000
   609	52	9948	10000
   610	52	9948	10000
   611	52	9948	10000
   612	52	9948	10000
   613	52	9948	10000
   614	52	9948	10000
   615	52	9948	10000
   616	52	9948	10000
   617	52	9948	10000
   618	52	9948	10000
   619	52	9948	10000
   620	52	9948	10000
   621	52	9948	10000
   622	52	9948	10000
   623	52	9948	10000
   624	52	9948	10000
   625	52	9948	10000
   626	52	9948	10000
   627	52	9948	10000
   628	52	9948	10000
   629	52	9948	10000
   630	52	9948	10000
   631	52	9948	10000
   632	52	9948	10000
   633	52	9948	10000
   634	52	9948	10000
   635	52	9948	10000
   636	52	9948	10000
   637	52	9948	10000
   638	52	9948	10000
   639	52	9948	10000
   640	52	9948	10000
   641	52	9948	10000
   642	52	9948	10000
   643	52	9948	10000
   644	52	9948	10000
   645	52	9948	10000
   646	52	9948	10000
   647	52	9948	10000
   648	52	9948	10000
   649	52	9948	10000
   650	52	9948	10000
   651	52	9948	10000
   652	52	9948	10000
   653	52	9948	10000
   654	52	9948	10000
   655	52	9948	10000
   656	52	9948	10000
   657	52	9948	10000
   658	52	9948	10000
   659	52	9948	10000
   660	52	9948	10000
   661	52	9948	10000
   662	52	9948	10000
   663	52	9948	10000
   664	52	9948	10000
   665	52	9948	10000
   666	52	9948	10000
   667	52	9948	10000
   668	52	9948	10000
   669	52	9948	10000
   670	52	9948	10000
   671	52	9948	10000
   672	52	9948	10000
   673	52	9948	10000
   674	52	9948	10000
   675	52	9948	10000
   676	52	9948	10000
   677	52	9948	10000
   678	52	9948	10000
   679	52	9948	10000
   680	52	9948	10000
   681	52	9948	10000
   682	52	9948	10000
   683	52	9948	10000
   684	52	9948	10000
   685	52	9948	10000
   686	52	9948	10000
   687	52	9948	10000
   688	52	9948	10000
   689	52	9948	10000
   690	52	9948	10000
   691	52	9948	10000
   692	52	9948	10000
   693	52	9948	10000
   694	52	9948	10000
   695	52	9948	10000
   696	52	9948	10000
   697	52	9948	10000
   698	52	9948	10000
   699	52	9948	10000
   700	52	9948	10000
   701	52	9948	10000
   702	52	9948	10000
   703	52	9948	10000
   704	52	9948	10000
   705	52	9948	10000
   706	52	9948	10000
   707	52	9948	10000
   708	52	9948	10000
   709	52	9948	10000
   710	52	9948	10000
   711	52	9948	10000
   712	52	9948	10000
   713	52	9948	10000
   714	52	9948	10000
   715	52	9948	10000
   716	52	9948	10000
   717	52	9948	10000
   718	52	9948	10000
   719	52	9948	10000
   720	52	9948	10000
   721	52	9948	10000
   722	52	9948	10000
   723	52	9948	10000
   724	52	9948	10000
   725	52	9948	10000
   726	53	9947	10000
   727	63	9937	10000
   728	91	9909	10000
   729	125	9875	10000
   730	153	9847	10000
   731	153	9847	10000
   732	133	9867	10000
   733	104	9896	10000
   734	75	9925	10000
   735	50	9950	10000
   736	31	9969	10000
   737	23	9977	10000
   738	23	9977	10000
   739	24	9976	10000
   740	24	9976	10000
   741	24	9976	10000
   742	24	9976	10000
   743	24	9976	10000
   744	24	9976	10000
   745	24	9976	10000
   746	24	9976	10000
   747	24	9976	10000
   748	24	9976	10000
   749	24	9976	10000
   750	24	9976	10000
   751	24	9976	10000
   752	24	9976	10000
   753	24	9976	10000
   754	24	9976	10000
   755	24	9976	10000
   756	24	9976	10000
   757	24	9976	10000
   758	24	9976	10000
   759	24	9976	10000
   760	24	9976	10000
   761	24	9976	10000
   762	24	9976	10000
   763	24	9976	10000
   764	24	9976	10000
   765	24	9976	10000
   766	24	9976	10000
   767	24	9976	10000
   768	24	9976	10000
   769	24	9976	10000
   770	24	9976	10000
   771	24	9976	10000
   772	24	9976	10000
   773	24	9976	10000
   774	24	9976	10000
   775	24	9976	10000
   776	24	9976	10000
   777	24	9976	10000
   778	24	9976	10000
   779	24	9976	10000
   780	24	9976	10000
   781	24	9976	10000
   782	24	9976	10000
   783	24	9976	10000
   784	24	9976	10000
   785	24	9976	10000
   786	24	9976	10000
   787	24	9976	10000
   788	24	9976	10000
   789	24	9976	10000
   790	24	9976	10000
   791	24	9976	10000
   792	24	9976	10000
   793	24	9976	10000
   794	24	9976	10000
   795	24	9976	10000
   796	24	9976	10000
   797	24	9976	10000
   798	24	9976	10000
   799	24	9976	10000
   800	24	9976	10000
   801	24	9976	10000
   802	24	9976	10000
   803	24	9976	10000
   804	24	9976	10000
   805	24	9976	10000
   806	24	9976	10000
   807	24	9976	10000
   808	24	9976	10000
   809	24	9976	10000
   810	24	9976	10000
   811	24	9976	10000
   812	24	9976	10000
   813	24	9976	10000
   814	24	9976	10000
   815	25	9975	10000
   816	25	9975	10000
   817	25	9975	10000
   818	30	9970	10000
   819	47	9953	10000
   820	63	9937	10000
   821	71	9929	10000
   822	72	9928	10000
   823	72	9928	10000
   824	70	9930	10000
   825	68	9932	10000
   826	58	9942	10000
   827	44	9956	10000
   828	29	9971	10000
   829	17	9983	10000
   830	8	9992	10000
   831	3	9997	10000
   832	2	9998	10000
   833	3	9997	10000
   834	3	9997	10000
   835	3	9997	10000
   836	3	9997	10000
   837	3	9997	10000
   838	3	9997	10000
   839	3	9997	10000
   840	3	9997	10000
   841	3	9997	10000
   842	3	9997	10000
   843	3	9997	10000
   844	3	9997	10000
   845	3	9997	10000
   846	3	9997	10000
   847	3	9997	10000
   848	3	9997	10000
   849	3	9997	10000
   850	3	9997	10000
   851	3	9997	10000
   852	3	9997	10000
   853	3	9997	10000
   854	3	9997	10000
   855	3	9997	10000
   856	3	9997	10000
   857	3	9997	10000
   858	3	9997	10000
   859	3	9997	10000
   860	3	9997	10000
   861	3	9997	10000
   862	3	9997	10000
   863	3	9997	10000
   864	3	9997	10000
   865	3	9997	10000
   866	3	9997	10000
   867	3	9997	10000
   868	3	9997	10000
   869	3	9997	10000
   870	3	9997	10000
   871	3	9997	10000
   872	3	9997	10000
   873	3	9997	10000
   874	3	9997	10000
   875	3	9997	10000
   876	3	9997	10000
   877	3	9997	10000
   878	3	9997	10000
   879	3	9997	10000
   880	3	9997	10000
   881	3	9997	10000
   882	3	9997	10000
   883	3	9997	10000
   884	3	9997	10000
   885	3	9997	10000
   886	3	9997	10000
   887	3	9997	10000
   888	3	9997	10000
   889	3	9997	10000
   890	3	9997	10000
   891	3	9997	10000
   892	3	9997	10000
   893	3	9997	10000
   894	3	9997	10000
   895	3	9997	10000
   896	3	9997	10000
   897	3	9997	10000
   898	3	9997	10000
   899	3	9997	10000
   900	3	9997	10000
   901	3	9997	10000
   902	3	9997	10000
   903	3	9997	10000
   904	3	9997	10000
   905	3	9997	10000
   906	3	9997	10000
   907	3	9997	10000
   908	3	9997	10000
   909	3	9997	10000
   910	3	9997	10000
   911	3	9997	10000
   912	3	9997	10000
   913	3	9997	10000
   914	3	9997	10000
   915	3	9997	10000
   916	3	9997	10000
   917	3	9997	10000
   918	3	9997	10000
   919	3	9997	10000
   920	3	9997	10000
   921	3	9997	10000
   922	3	9997	10000
   923	3	9997	10000
   924	3	9997	10000
   925	3	9997	10000
   926	4	9996	10000
   927	4	9996	10000
   928	4	9996	10000
   929	4	9996	10000
   930	4	9996	10000
   931	4	9996	10000
   932	4	9996	10000
   933	4	9996	10000
   934	4	9996	10000
   935	4	9996	10000
   936	4	9996	10000
   937	4	9996	10000
   938	4	9996	10000
   939	4	9996	10000
   940	4	9996	10000
   941	4	9996	10000
   942	4	9996	10000
   943	4	9996	10000
   944	4	9996	10000
   945	4	9996	10000
   946	4	9996	10000
   947	4	9996	10000
   948	4	9996	10000
   949	4	9996	10000
   950	4	9996	10000
   951	4	9996	10000
   952	4	9996	10000
   953	4	9996	10000
   954	4	9996	10000
   955	4	9996	10000
   956	4	9996	10000
   957	4	9996	10000
   958	4	9996	10000
   959	4	9996	10000
   960	4	9996	10000
   961	4	9996	10000
   962	4	9996	10000
   963	4	9996	10000
   964	4	9996	10000
   965	4	9996	10000
   966	4	9996	10000
   967	4	9996	10000
   968	4	9996	10000
   969	4	9996	10000
   970	4	9996	10000
   971	4	9996	10000
   972	4	9996	10000
   973	4	9996	10000
   974	4	9996	10000
   975	4	9996	10000
   976	4	9996	10000
   977	4	9996	10000
   978	4	9996	10000
   979	4	9996	10000
   980	4	9996	10000
   981	4	9996	10000
   982	4	9996	10000
   983	4	9996	10000
   984	4	9996	10000
   985	4	9996	10000
   986	4	9996	10000
   987	4	9996	10000
   988	4	9996	10000
   989	4	9996	10000
   990	4	9996	10000
   991	4	9996	10000
   992	4	9996	10000
   993	4	9996	10000
   994	4	9996	10000
   995	4	9996	10000
   996	4	9996	10000
   997	4	9996	10000
   998	4	9996	10000
   999	4	9996	10000
  1000	4	9996	10000
  1001	4	9996	10000
  1002	4	9996	10000
  1003	4	9996	10000
  1004	4	9996	10000
  1005	4	9996	10000
  1006	4	9996	10000
  1007	4	9996	10000
  1008	4	9996	10000
  1009	4	9996	10000
  1010	4	9996	10000
  1011	4	9996	10000
  1012	4	9996	10000
  1013	4	9996	10000
  1014	4	9996	10000
  1015	4	9996	10000
  1016	4	9996	10000
  1017	4	9996	10000
  1018	4	9996	10000
  1019	4	9996	10000
  1020	4	9996	10000
  1021	4	9996	10000
  1022	4	9996	10000
  1023	4	9996	10000
  1024	4	9996	10000
  1025	4	9996	10000
  1026	4	9996	10000
  1027	4	9996	10000
  1028	4	9996	10000
  1029	4	9996	10000
  1030	4	9996	10000
  1031	4	9996	10000
  1032	4	9996	10000
  1033	4	9996	10000
  1034	4	9996	10000
  1035	4	9996	10000
  1036	4	9996	10000
  1037	4	9996	10000
  1038	4	9996	10000
  1039	4	9996	10000
  1040	4	9996	10000
  1041	4	9996	10000
  1042	4	9996	10000
  1043	4	9996	10000
  1044	4	9996	10000
  1045	4	9996	10000
  1046	4	9996	10000
  1047	4	9996	10000
  1048	4	9996	10000
  1049	4	9996	10000
  1050	4	9996	10000
  1051	4	9996	10000
  1052	4	9996	10000
  1053	4	9996	10000
  1054	4	9996	10000
  1055	4	9996	10000
  1056	4	9996	10000
  1057	4	9996	10000
  1058	4	9996	10000
  1059	4	9996	10000
  1060	4	9996	10000
  1061	4	9996	10000
  1062	4	9996	10000
  1063	4	9996	10000
  1064	4	9996	10000
  1065	4	9996	10000
  1066	4	9996	10000
  1067	4	9996	10000
  1068	4	9996	10000
  1069	4	9996	10000
  1070	4	9996	10000
  1071	4	9996	10000
  1072	4	9996	10000
  1073	4	9996	10000
  1074	4	9996	10000
  1075	4	9996	10000
  1076	4	9996	10000
  1077	4	9996	10000
  1078	4	9996	10000
  1079	4	9996	10000
  1080	4	9996	10000
  1081	4	9996	10000
  1082	4	9996	10000
  1083	4	9996	10000
  1084	4	9996	10000
  1085	4	9996	10000
  1086	4	9996	10000
  1087	4	9996	10000
  1088	4	9996	10000
  1089	4	9996	10000
  1090	4	9996	10000
  1091	4	9996	10000
  1092	4	9996	10000
  1093	4	9996	10000
  1094	4	9996	10000
  1095	4	9996	10000
  1096	4	9996	10000
  1097	4	9996	10000
  1098	4	9996	10000
  1099	4	9996	10000
  1100	4	9996	10000
  1101	4	9996	10000
  1102	4	9996	10000
  1103	4	9996	10000
  1104	4	9996	10000
  1105	4	9996	10000
  1106	4	9996	10000
  1107	4	9996	10000
  1108	4	9996	10000
  1109	4	9996	10000
  1110	4	9996	10000
  1111	4	9996	10000
  1112	4	9996	10000
  1113	4	9996	10000
  1114	4	9996	10000
  1115	4	9996	10000
  1116	4	9996	10000
  1117	4	9996	10000
  1118	4	9996	10000
  1119	4	9996	10000
  1120	4	9996	10000
  1121	4	9996	10000
  1122	4	9996	10000
  1123	4	9996	10000
  1124	4	9996	10000
  1125	4	9996	10000
  1126	4	9996	10000
  1127	4	9996	10000
  1128	4	9996	10000
  1129	4	9996	10000
  1130	4	9996	10000
  1131	4	9996	10000
  1132	4	9996	10000
  1133	4	9996	10000
  1134	4	9996	10000
  1135	4	9996	10000
  1136	4	9996	10000
  1137	4	9996	10000
  1138	4	9996	10000
  1139	4	9996	10000
  1140	4	9996	10000
  1141	4	9996	10000
  1142	4	9996	10000
  1143	4	9996	10000
  1144	4	9996	10000
  1145	4	9996	10000
  1146	4	9996	10000
  1147	4	9996	10000
  1148	4	9996	10000
  1149	4	9996	10000
  1150	4	9996	10000
  1151	4	9996	10000
  1152	4	9996	10000
  1153	4	9996	10000
  1154	4	9996	10000
  1155	4	9996	10000
  1156	4	9996	10000
  1157	4	9996	10000
  1158	4	9996	10000
  1159	4	9996	10000
  1160	4	9996	10000
  1161	4	9996	10000
  1162	4	9996	10000
  1163	4	9996	10000
  1164	4	9996	10000
  1165	4	9996	10000
  1166	4	9996	10000
  1167	4	9996	10000
  1168	4	9996	10000
  1169	4	9996	10000
  1170	4	9996	10000
  1171	4	9996	10000
  1172	4	9996	10000
  1173	4	9996	10000
  1174	4	9996	10000
  1175	4	9996	10000
  1176	4	9996	10000
  1177	4	9996	10000
  1178	4	9996	10000
  1179	4	9996	10000
  1180	4	9996	10000
  1181	4	9996	10000
  1182	4	9996	10000
  1183	4	9996	10000
  1184	4	9996	10000
  1185	4	9996	10000
  1186	4	9996	10000
  1187	4	9996	10000
  1188	4	9996	10000
  1189	4	9996	10000
  1190	4	9996	10000
  1191	4	9996	10000
  1192	4	9996	10000
  1193	4	9996	10000
  1194	4	9996	10000
  1195	4	9996	10000
  1196	4	9996	10000
  1197	4	9996	10000
  1198	4	9996	10000
  1199	4	9996	10000
  1200	4	9996	10000
  1201	4	9996	10000
  1202	4	9996	10000
  1203	4	9996	10000
  1204	4	9996	10000
  1205	4	9996	10000
  1206	4	9996	10000
  1207	4	9996	10000
  1208	4	9996	10000
  1209	4	9996	10000
  1210	4	9996	10000
  1211	4	9996	10000
  1212	4	9996	10000
  1213	4	9996	10000
  1214	4	9996	10000
  1215	4	9996	10000
  1216	4	9996	10000
  1217	4	9996	10000
  1218	4	9996	10000
  1219	4	9996	10000
  1220	4	9996	10000
  1221	4	9996	10000
  1222	4	9996	10000
  1223	4	9996	10000
  1224	4	9996	10000
  1225	4	9996	10000
  1226	4	9996	10000
  1227	4	9996	10000
  1228	4	9996	10000
  1229	4	9996	10000
  1230	4	9996	10000
  1231	4	9996	10000
  1232	4	9996	10000
  1233	4	9996	10000
  1234	4	9996	10000
  1235	4	9996	10000
  1236	4	9996	10000
  1237	4	9996	10000
  1238	4	9996	10000
  1239	4	9996	10000
  1240	4	9996	10000
  1241	4	9996	10000
  1242	4	9996	10000
  1243	4	9996	10000
  1244	4	9996	10000
  1245	4	9996	10000
  1246	4	9996	10000
  1247	4	9996	10000
  1248	4	9996	10000
  1249	4	9996	10000
  1250	4	9996	10000
  1251	4	9996	10000
  1252	4	9996	10000
  1253	4	9996	10000
  1254	4	9996	10000
  1255	4	9996	10000
  1256	4	9996	10000
  1257	4	9996	10000
  1258	4	9996	10000
  1259	4	9996	10000
  1260	4	9996	10000
  1261	4	9996	10000
  1262	4	9996	10000
  1263	4	9996	10000
  1264	4	9996	10000
  1265	4	9996	10000
  1266	4	9996	10000
  1267	4	9996	10000
  1268	4	9996	10000
  1269	4	9996	10000
  1270	4	9996	10000
  1271	4	9996	10000
  1272	4	9996	10000
  1273	4	9996	10000
  1274	4	9996	10000
  1275	4	9996	10000
  1276	4	9996	10000
  1277	4	9996	10000
  1278	4	9996	10000
  1279	4	9996	10000
  1280	4	9996	10000
  1281	4	9996	10000
  1282	4	9996	10000
  1283	4	9996	10000
  1284	4	9996	10000
  1285	4	9996	10000
  1286	4	9996	10000
  1287	4	9996	10000
  1288	4	9996	10000
  1289	4	9996	10000
  1290	4	9996	10000
  1291	4	9996	10000
  1292	4	9996	10000
  1293	4	9996	10000
  1294	4	9996	10000
  1295	4	9996	10000
  1296	4	9996	10000
  1297	4	9996	10000
  1298	4	9996	10000
  1299	4	9996	10000
  1300	4	9996	10000
  1301	4	9996	10000
  1302	4	9996	10000
  1303	4	9996	10000
  1304	4	9996	10000
  1305	4	9996	10000
  1306	4	9996	10000
  1307	4	9996	10000
  1308	4	9996	10000
  1309	4	9996	10000
  1310	4	9996	10000
  1311	4	9996	10000
  1312	4	9996	10000
  1313	4	9996	10000
  1314	4	9996	10000
  1315	4	9996	10000
  1316	4	9996	10000
  1317	4	9996	10000
  1318	4	9996	10000
  1319	4	9996	10000
  1320	4	9996	10000
  1321	4	9996	10000
  1322	4	9996	10000
  1323	4	9996	10000
  1324	4	9996	10000
  1325	4	9996	10000
  1326	4	9996	10000
  1327	4	9996	10000
  1328	4	9996	10000
  1329	4	9996	10000
  1330	4	9996	10000
  1331	4	9996	10000
  1332	4	9996	10000
  1333	4	9996	10000
  1334	4	9996	10000
  1335	4	9996	10000
  1336	4	9996	10000
  1337	4	9996	10000
  1338	4	9996	10000
  1339	4	9996	10000
  1340	4	9996	10000
  1341	4	9996	10000
  1342	4	9996	10000
  1343	4	9996	10000
  1344	4	9996	10000
  1345	4	9996	10000
  1346	4	9996	10000
  1347	4	9996	10000
  1348	4	9996	10000
  1349	4	9996	10000
  1350	4	9996	10000
  1351	4	9996	10000
  1352	4	9996	10000
  1353	4	9996	10000
  1354	4	9996	10000
  1355	4	9996	10000
  1356	4	9996	10000
  1357	4	9996	10000
  1358	4	9996	10000
  1359	4	9996	10000
  1360	4	9996	10000
  1361	4	9996	10000
  1362	4	9996	10000
  1363	4	9996	10000
  1364	4	9996	10000
  1365	4	9996	10000
  1366	4	9996	10000
  1367	4	9996	10000
  1368	4	9996	10000
  1369	4	9996	10000
  1370	4	9996	10000
  1371	4	9996	10000
  1372	4	9996	10000
  1373	4	9996	10000
  1374	4	9996	10000
  1375	4	9996	10000
  1376	4	9996	10000
  1377	4	9996	10000
  1378	4	9996	10000
  1379	4	9996	10000
  1380	4	9996	10000
  1381	4	9996	10000
  1382	4	9996	10000
  1383	4	9996	10000
  1384	4	9996	10000
  1385	4	9996	10000
  1386	4	9996	10000
  1387	4	9996	10000
  1388	4	9996	10000
  1389	4	9996	10000
  1390	4	9996	10000
  1391	4	9996	10000
  1392	4	9996	10000
  1393	4	9996	10000
  1394	4	9996	10000
  1395	4	9996	10000
  1396	4	9996	10000
  1397	4	9996	10000
  1398	4	9996	10000
  1399	4	9996	10000
  1400	4	9996	10000
  1401	4	9996	10000
  1402	4	9996	10000
  1403	4	9996	10000
  1404	4	9996	10000
  1405	4	9996	10000
  1406	4	9996	10000
  1407	4	9996	10000
  1408	4	9996	10000
  1409	4	9996	10000
  1410	4	9996	10000
  1411	4	9996	10000
  1412	4	9996	10000
  1413	4	9996	10000
  1414	4	9996	10000
  1415	4	9996	10000
  1416	4	9996	10000
  1417	4	9996	10000
  1418	4	9996	10000
  1419	4	9996	10000
  1420	4	9996	10000
  1421	4	9996	10000
  1422	4	9996	10000
  1423	4	9996	10000
  1424	4	9996	10000
  1425	4	9996	10000
  1426	4	9996	10000
  1427	4	9996	10000
  1428	4	9996	10000
  1429	4	9996	10000
  1430	4	9996	10000
  1431	4	9996	10000
  1432	4	9996	10000
  1433	4	9996	10000
  1434	4	9996	10000
  1435	4	9996	10000
  1436	4	9996	10000
  1437	4	9996	10000
  1438	4	9996	10000
  1439	4	9996	10000
  1440	4	9996	10000
  1441	4	9996	10000
  1442	4	9996	10000
  1443	4	9996	10000
  1444	4	9996	10000
  1445	4	9996	10000
  1446	4	9996	10000
  1447	4	9996	10000
  1448	4	9996	10000
  1449	4	9996	10000
  1450	4	9996	10000
  1451	4	9996	10000
  1452	4	9996	10000
  1453	4	9996	10000
  1454	4	9996	10000
  1455	4	9996	10000
  1456	4	9996	10000
  1457	4	9996	10000
  1458	4	9996	10000
  1459	4	9996	10000
  1460	4	9996	10000
  1461	4	9996	10000
  1462	4	9996	10000
  1463	4	9996	10000
  1464	4	9996	10000
  1465	4	9996	10000
  1466	4	9996	10000
  1467	4	9996	10000
  1468	4	9996	10000
  1469	4	9996	10000
  1470	4	9996	10000
  1471	4	9996	10000
  1472	4	9996	10000
  1473	4	9996	10000
  1474	4	9996	10000
  1475	4	9996	10000
  1476	4	9996	10000
  1477	4	9996	10000
  1478	4	9996	10000
  1479	4	9996	10000
  1480	4	9996	10000
  1481	4	9996	10000
  1482	4	9996	10000
  1483	4	9996	10000
  1484	4	9996	10000
  1485	4	9996	10000
  1486	4	9996	10000
  1487	4	9996	10000
  1488	4	9996	10000
  1489	4	9996	10000
  1490	4	9996	10000
  1491	4	9996	10000
  1492	4	9996	10000
  1493	4	9996	10000
  1494	4	9996	10000
  1495	4	9996	10000
  1496	4	9996	10000
  1497	4	9996	10000
  1498	4	9996	10000
  1499	4	9996	10000
  1500	4	9996	10000
  1501	4	9996	10000
  1502	4	9996	10000
  1503	4	9996	10000
  1504	4	9996	10000
  1505	4	9996	10000
  1506	4	9996	10000
  1507	4	9996	10000
  1508	4	9996	10000
  1509	4	9996	10000
  1510	4	9996	10000
  1511	4	9996	10000
  1512	4	9996	10000
  1513	4	9996	10000
  1514	4	9996	10000
  1515	4	9996	10000
  1516	4	9996	10000
  1517	4	9996	10000
  1518	4	9996	10000
  1519	4	9996	10000
  1520	4	9996	10000
  1521	4	9996	10000
  1522	4	9996	10000
  1523	4	9996	10000
  1524	4	9996	10000
  1525	4	9996	10000
  1526	4	9996	10000
  1527	4	9996	10000
  1528	4	9996	10000
  1529	4	9996	10000
  1530	4	9996	10000
  1531	4	9996	10000
  1532	4	9996	10000
  1533	4	9996	10000
  1534	4	9996	10000
  1535	4	9996	10000
  1536	4	9996	10000
  1537	4	9996	10000
  1538	4	9996	10000
  1539	4	9996	10000
  1540	4	9996	10000
  1541	4	9996	10000
  1542	4	9996	10000
  1543	4	9996	10000
  1544	4	9996	10000
  1545	4	9996	10000
  1546	4	9996	10000
  1547	4	9996	10000
  1548	4	9996	10000
  1549	4	9996	10000
  1550	4	9996	10000
  1551	4	9996	10000
  1552	4	9996	10000
  1553	4	9996	10000
  1554	4	9996	10000
  1555	4	9996	10000
  1556	4	9996	10000
  1557	4	9996	10000
  1558	4	9996	10000
  1559	4	9996	10000
  1560	4	9996	10000
  1561	4	9996	10000
  1562	4	9996	10000
  1563	4	9996	10000
  1564	4	9996	10000
  1565	4	9996	10000
  1566	4	9996	10000
  1567	4	9996	10000
  1568	4	9996	10000
  1569	4	9996	10000
  1570	4	9996	10000
  1571	4	9996	10000
  1572	4	9996	10000
  1573	4	9996	10000
  1574	4	9996	10000
  1575	4	9996	10000
  1576	4	9996	10000
  1577	4	9996	10000
  1578	4	9996	10000
  1579	4	9996	10000
  1580	4	9996	10000
  1581	4	9996	10000
  1582	4	9996	10000
  1583	4	9996	10000
  1584	4	9996	10000
  1585	4	9996	10000
  1586	4	9996	10000
  1587	4	9996	10000
  1588	4	9996	10000
  1589	4	9996	10000
  1590	4	9996	10000
  1591	4	9996	10000
  1592	4	9996	10000
  1593	4	9996	10000
  1594	4	9996	10000
  1595	4	9996	10000
  1596	4	9996	10000
  1597	4	9996	10000
  1598	4	9996	10000
  1599	4	9996	10000
  1600	4	9996	10000
  1601	4	9996	10000
  1602	4	9996	10000
  1603	4	9996	10000
  1604	4	9996	10000
  1605	4	9996	10000
  1606	4	9996	10000
  1607	4	9996	10000
  1608	4	9996	10000
  1609	4	9996	10000
  1610	4	9996	10000
  1611	4	9996	10000
  1612	4	9996	10000
  1613	4	9996	10000
  1614	4	9996	10000
  1615	4	9996	10000
  1616	4	9996	10000
  1617	4	9996	10000
  1618	4	9996	10000
  1619	4	9996	10000
  1620	4	9996	10000
  1621	4	9996	10000
  1622	4	9996	10000
  1623	4	9996	10000
  1624	4	9996	10000
  1625	4	9996	10000
  1626	4	9996	10000
  1627	4	9996	10000
  1628	4	9996	10000
  1629	4	9996	10000
  1630	4	9996	10000
  1631	4	9996	10000
  1632	4	9996	10000
  1633	4	9996	10000
  1634	4	9996	10000
  1635	4	9996	10000
  1636	4	9996	10000
  1637	4	9996	10000
  1638	4	9996	10000
  1639	4	9996	10000
  1640	4	9996	10000
  1641	4	9996	10000
  1642	4	9996	10000
  1643	4	9996	10000
  1644	4	9996	10000
  1645	4	9996	10000
  1646	4	9996	10000
  1647	4	9996	10000
  1648	4	9996	10000
  1649	4	9996	10000
  1650	4	9996	10000
  1651	4	9996	10000
  1652	4	9996	10000
  1653	4	9996	10000
  1654	4	9996	10000
  1655	4	9996	10000
  1656	4	9996	10000
  1657	4	9996	10000
  1658	4	9996	10000
  1659	4	9996	10000
  1660	4	9996	10000
  1661	4	9996	10000
  1662	4	9996	10000
  1663	4	9996	10000
  1664	4	9996	10000
  1665	4	9996	10000
  1666	4	9996	10000
  1667	4	9996	10000
  1668	4	9996	10000
  1669	4	9996	10000
  1670	4	9996	10000
  1671	4	9996	10000
  1672	4	9996	10000
  1673	4	9996	10000
  1674	4	9996	10000
  1675	4	9996	10000
  1676	4	9996	10000
  1677	4	9996	10000
  1678	4	9996	10000
  1679	4	9996	10000
  1680	4	9996	10000
  1681	4	9996	10000
  1682	4	9996	10000
  1683	4	9996	10000
  1684	4	9996	10000
  1685	4	9996	10000
  1686	4	9996	10000
  1687	4	9996	10000
  1688	4	9996	10000
  1689	4	9996	10000
  1690	4	9996	10000
  1691	4	9996	10000
  1692	4	9996	10000
  1693	4	9996	10000
  1694	4	9996	10000
  1695	4	9996	10000
  1696	4	9996	10000
  1697	4	9996	10000
  1698	4	9996	10000
  1699	4	9996	10000
  1700	4	9996	10000
  1701	4	9996	10000
  1702	4	9996	10000
  1703	4	9996	10000
  1704	4	9996	10000
  1705	4	9996	10000
  1706	4	9996	10000
  1707	4	9996	10000
  1708	4	9996	10000
  1709	4	9996	10000
  1710	4	9996	10000
  1711	4	9996	10000
  1712	4	9996	10000
  1713	4	9996	10000
  1714	4	9996	10000
  1715	4	9996	10000
  1716	4	9996	10000
  1717	4	9996	10000
  1718	4	9996	10000
  1719	4	9996	10000
  1720	4	9996	10000
  1721	4	9996	10000
  1722	4	9996	10000
  1723	4	9996	10000
  1724	4	9996	10000
  1725	4	9996	10000
  1726	4	9996	10000
  1727	4	9996	10000
  1728	4	9996	10000
  1729	4	9996	10000
  1730	4	9996	10000
  1731	4	9996	10000
  1732	4	9996	10000
  1733	4	9996	10000
  1734	4	9996	10000
  1735	4	9996	10000
  1736	4	9996	10000
  1737	4	9996	10000
  1738	4	9996	10000
  1739	4	9996	10000
  1740	4	9996	10000
  1741	4	9996	10000
  1742	4	9996	10000
  1743	4	9996	10000
  1744	4	9996	10000
  1745	4	9996	10000
  1746	4	9996	10000
  1747	4	9996	10000
  1748	4	9996	10000
  1749	4	9996	10000
  1750	4	9996	10000
  1751	4	9996	10000
  1752	4	9996	10000
  1753	4	9996	10000
  1754	4	9996	10000
  1755	4	9996	10000
  1756	4	9996	10000
  1757	4	9996	10000
  1758	4	9996	10000
  1759	4	9996	10000
  1760	4	9996	10000
  1761	4	9996	10000
  1762	4	9996	10000
  1763	4	9996	10000
  1764	4	9996	10000
  1765	4	9996	10000
  1766	4	9996	10000
  1767	4	9996	10000
  1768	4	9996	10000
  1769	4	9996	10000
  1770	4	9996	10000
  1771	4	9996	10000
  1772	4	9996	10000
  1773	4	9996	10000
  1774	4	9996	10000
  1775	4	9996	10000
  1776	4	9996	10000
  1777	4	9996	10000
  1778	4	9996	10000
  1779	4	9996	10000
  1780	4	9996	10000
  1781	4	9996	10000
  1782	4	9996	10000
  1783	4	9996	10000
  1784	4	9996	10000
  1785	4	9996	10000
  1786	4	9996	10000
  1787	4	9996	10000
  1788	4	9996	10000
  1789	4	9996	10000
  1790	4	9996	10000
  1791	4	9996	10000
  1792	4	9996	10000
  1793	4	9996	10000
  1794	4	9996	10000
  1795	4	9996	10000
  1796	4	9996	10000
  1797	4	9996	10000
  1798	4	9996	10000
  1799	4	9996	10000
  1800	4	9996	10000
  1801	4	9996	10000
  1802	4	9996	10000
  1803	4	9996	10000
  1804	4	9996	10000
  1805	4	9996	10000
  1806	4	9996	10000
  1807	4	9996	10000
  1808	4	9996	10000
  1809	4	9996	10000
  1810	4	9996	10000
  1811	4	9996	10000
  1812	4	9996	10000
  1813	4	9996	10000
  1814	4	9996	10000
  1815	4	9996	10000
  1816	4	9996	10000
  1817	4	9996	10000
  1818	4	9996	10000
  1819	4	9996	10000
  1820	4	9996	10000
  1821	4	9996	10000
  1822	4	9996	10000
  1823	4	9996	10000
  1824	4	9996	10000
  1825	4	9996	10000
  1826	4	9996	10000
  1827	4	9996	10000
  1828	4	9996	10000
  1829	4	9996	10000
  1830	4	9996	10000
  1831	4	9996	10000
  1832	4	9996	10000
  1833	4	9996	10000
  1834	4	9996	10000
  1835	4	9996	10000
  1836	4	9996	10000
  1837	4	9996	10000
  1838	4	9996	10000
  1839	4	9996	10000
  1840	4	9996	10000
  1841	4	9996	10000
  1842	4	9996	10000
  1843	4	9996	10000
  1844	4	9996	10000
  1845	4	9996	10000
  1846	4	9996	10000
  1847	4	9996	10000
  1848	4	9996	10000
  1849	4	9996	10000
  1850	4	9996	10000
  1851	4	9996	10000
  1852	4	9996	10000
  1853	4	9996	10000
  1854	4	9996	10000
  1855	4	9996	10000
  1856	4	9996	10000
  1857	4	9996	10000
  1858	4	9996	10000
  1859	4	9996	10000
  1860	4	9996	10000
  1861	4	9996	10000
  1862	4	9996	10000
  1863	4	9996	10000
  1864	4	9996	10000
  1865	4	9996	10000
  1866	4	9996	10000
  1867	4	9996	10000
  1868	4	9996	10000
  1869	4	9996	10000
  1870	4	9996	10000
  1871	4	9996	10000
  1872	4	9996	10000
  1873	4	9996	10000
  1874	4	9996	10000
  1875	4	9996	10000
  1876	4	9996	10000
  1877	4	9996	10000
  1878	4	9996	10000
  1879	4	9996	10000
  1880	4	9996	10000
  1881	4	9996	10000
  1882	4	9996	10000
  1883	4	9996	10000
  1884	4	9996	10000
  1885	4	9996	10000
  1886	4	9996	10000
  1887	4	9996	10000
  1888	4	9996	10000
  1889	4	9996	10000
  1890	4	9996	10000
  1891	4	9996	10000
  1892	4	9996	10000
  1893	4	9996	10000
  1894	4	9996	10000
  1895	4	9996	10000
  1896	4	9996	10000
  1897	4	9996	10000
  1898	4	9996	10000
  1899	4	9996	10000
  1900	4	9996	10000
  1901	4	9996	10000
  1902	4	9996	10000
  1903	4	9996	10000
  1904	4	9996	10000
  1905	4	9996	10000
  1906	4	9996	10000
  1907	4	9996	10000
  1908	4	9996	10000
  1909	4	9996	10000
  1910	4	9996	10000
  1911	4	9996	10000
  1912	4	9996	10000
  1913	4	9996	10000
  1914	4	9996	10000
  1915	4	9996	10000
  1916	4	9996	10000
  1917	4	9996	10000
  1918	4	9996	10000
  1919	4	9996	10000
  1920	4	9996	10000
  1921	4	9996	10000
  1922	4	9996	10000
  1923	4	9996	10000
  1924	4	9996	10000
  1925	4	9996	10000
  1926	4	9996	10000
  1927	4	9996	10000
  1928	4	9996	10000
  1929	4	9996	10000
  1930	4	9996	10000
  1931	4	9996	10000
  1932	4	9996	10000
  1933	4	9996	10000
  1934	4	9996	10000
  1935	4	9996	10000
  1936	4	9996	10000
  1937	4	9996	10000
  1938	4	9996	10000
  1939	4	9996	10000
  1940	4	9996	10000
  1941	4	9996	10000
  1942	4	9996	10000
  1943	4	9996	10000
  1944	4	9996	10000
  1945	4	9996	10000
  1946	4	9996	10000
  1947	4	9996	10000
  1948	4	9996	10000
  1949	4	9996	10000
  1950	4	9996	10000
  1951	4	9996	10000
  1952	4	9996	10000
  1953	4	9996	10000
  1954	4	9996	10000
  1955	4	9996	10000
  1956	4	9996	10000
  1957	4	9996	10000
  1958	4	9996	10000
  1959	4	9996	10000
  1960	4	9996	10000
  1961	4	9996	10000
  1962	4	9996	10000
  1963	4	9996	10000
  1964	4	9996	10000
  1965	4	9996	10000
  1966	4	9996	10000
  1967	4	9996	10000
  1968	4	9996	10000
  1969	4	9996	10000
  1970	4	9996	10000
  1971	4	9996	10000
  1972	4	9996	10000
  1973	4	9996	10000
  1974	4	9996	10000
  1975	4	9996	10000
  1976	4	9996	10000
  1977	4	9996	10000
  1978	4	9996	10000
  1979	4	9996	10000
  1980	4	9996	10000
  1981	4	9996	10000
  1982	4	9996	10000
  1983	4	9996	10000
  1984	4	9996	10000
  1985	4	9996	10000
  1986	4	9996	10000
  1987	4	9996	10000
  1988	4	9996	10000
  1989	4	9996	10000
  1990	4	9996	10000
  1991	4	9996	10000
  1992	4	9996	10000
  1993	4	9996	10000
  1994	4	9996	10000
  1995	4	9996	10000
  1996	4	9996	10000
  1997	4	9996	10000
  1998	4	9996	10000
  1999	4	9996	10000
  2000	4	9996	10000
  2001	4	9996	10000
  2002	4	9996	10000
  2003	4	9996	10000
  2004	4	9996	10000
  2005	4	9996	10000
  2006	4	9996	10000
  2007	4	9996	10000
  2008	4	9996	10000
  2009	4	9996	10000
  2010	4	9996	10000
  2011	4	9996	10000
  2012	4	9996	10000
  2013	4	9996	10000
  2014	4	9996	10000
  2015	4	9996	10000
  2016	4	9996	10000
  2017	4	9996	10000
  2018	4	9996	10000
  2019	4	9996	10000
  2020	4	9996	10000
  2021	4	9996	10000
  2022	4	9996	10000
  2023	4	9996	10000
  2024	4	9996	10000
  2025	4	9996	10000
  2026	4	9996	10000
  2027	4	9996	10000
  2028	4	9996	10000
  2029	4	9996	10000
  2030	4	9996	10000
  2031	4	9996	10000
  2032	4	9996	10000
  2033	4	9996	10000
  2034	4	9996	10000
  2035	4	9996	10000
  2036	4	9996	10000
  2037	4	9996	10000
  2038	4	9996	10000
  2039	4	9996	10000
  2040	4	9996	10000
  2041	4	9996	10000
  2042	4	9996	10000
  2043	4	9996	10000
  2044	4	9996	10000
  2045	4	9996	10000
  2046	4	9996	10000
  2047	4	9996	10000
  2048	4	9996	10000
  2049	4	9996	10000
  2050	4	9996	10000
  2051	4	9996	10000
  2052	4	9996	10000
  2053	4	9996	10000
  2054	4	9996	10000
  2055	4	9996	10000
  2056	4	9996	10000
  2057	4	9996	10000
  2058	4	9996	10000
  2059	4	9996	10000
  2060	4	9996	10000
  2061	4	9996	10000
  2062	4	9996	10000
  2063	4	9996	10000
  2064	4	9996	10000
  2065	4	9996	10000
  2066	4	9996	10000
  2067	4	9996	10000
  2068	4	9996	10000
  2069	4	9996	10000
  2070	4	9996	10000
  2071	4	9996	10000
  2072	4	9996	10000
  2073	4	9996	10000
  2074	4	9996	10000
  2075	4	9996	10000
  2076	4	9996	10000
  2077	4	9996	10000
  2078	4	9996	10000
  2079	4	9996	10000
  2080	4	9996	10000
  2081	4	9996	10000
  2082	4	9996	10000
  2083	4	9996	10000
  2084	4	9996	10000
  2085	4	9996	10000
  2086	4	9996	10000
  2087	4	9996	10000
  2088	4	9996	10000
  2089	4	9996	10000
  2090	4	9996	10000
  2091	4	9996	10000
  2092	4	9996	10000
  2093	4	9996	10000
  2094	4	9996	10000
  2095	4	9996	10000
  2096	4	9996	10000
  2097	4	9996	10000
  2098	4	9996	10000
  2099	4	9996	10000
  2100	4	9996	10000
  2101	4	9996	10000
  2102	4	9996	10000
  2103	4	9996	10000
  2104	4	9996	10000
  2105	4	9996	10000
  2106	4	9996	10000
  2107	4	9996	10000
  2108	4	9996	10000
  2109	4	9996	10000
  2110	4	9996	10000
  2111	4	9996	10000
  2112	4	9996	10000
  2113	4	9996	10000
  2114	4	9996	10000
  2115	4	9996	10000
  2116	5	9995	10000
  2117	9	9991	10000
  2118	36	9964	10000
  2119	73	9927	10000
  2120	103	9897	10000
  2121	134	9866	10000
  2122	165	9835	10000
  2123	173	9827	10000
  2124	161	9839	10000
  2125	138	9862	10000
  2126	106	9894	10000
  2127	72	9928	10000
  2128	43	9957	10000
  2129	23	9977	10000
  2130	16	9984	10000
  2131	17	9983	10000
  2132	33	9967	10000
  2133	64	9936	10000
  2134	97	9903	10000
  2135	127	9873	10000
  2136	149	9851	10000
  2137	155	9845	10000
  2138	155	9845	10000
  2139	155	9845	10000
  2140	155	9845	10000
  2141	155	9845	10000
  2142	155	9845	10000
  2143	155	9845	10000
  2144	155	9845	10000
  2145	155	9845	10000
  2146	155	9845	10000
  2147	155	9845	10000
  2148	155	9845	10000
  2149	155	9845	10000
  2150	155	9845	10000
  2151	155	9845	10000
  2152	155	9845	10000
  2153	155	9845	10000
  2154	155	9845	10000
  2155	155	9845	10000
  2156	155	9845	10000
  2157	155	9845	10000
  2158	155	9845	10000
  2159	155	9845	10000
  2160	155	9845	10000
  2161	155	9845	10000
  2162	155	9845	10000
  2163	155	9845	10000
  2164	155	9845	10000
  2165	155	9845	10000
  2166	155	9845	10000
  2167	155	9845	10000
  2168	155	9845	10000
  2169	155	9845	10000
  2170	155	9845	10000
  2171	155	9845	10000
  2172	155	9845	10000
  2173	155	9845	10000
  2174	155	9845	10000
  2175	155	9845	10000
  2176	155	9845	10000
  2177	155	9845	10000
  2178	155	9845	10000
  2179	155	9845	10000
  2180	155	9845	10000
  2181	155	9845	10000
  2182	155	9845	10000
  2183	155	9845	10000
  2184	155	9845	10000
  2185	155	9845	10000
  2186	155	9845	10000
  2187	155	9845	10000
  2188	155	9845	10000
  2189	155	9845	10000
  2190	155	9845	10000
  2191	155	9845	10000
  2192	155	9845	10000
  2193	155	9845	10000
  2194	155	9845	10000
  2195	155	9845	10000
  2196	155	9845	10000
  2197	155	9845	10000
  2198	155	9845	10000
  2199	155	9845	10000
  2200	155	9845	10000
  2201	155	9845	10000
  2202	155	9845	10000
  2203	155	9845	10000
  2204	155	9845	10000
  2205	155	9845	10000
  2206	155	9845	10000
  2207	155	9845	10000
  2208	155	9845	10000
  2209	155	9845	10000
  2210	155	9845	10000
  2211	155	9845	10000
  2212	155	9845	10000
  2213	155	9845	10000
  2214	155	9845	10000
  2215	155	9845	10000
  2216	155	9845	10000
  2217	155	9845	10000
  2218	155	9845	10000
  2219	155	9845	10000
  2220	155	9845	10000
  2221	155	9845	10000
  2222	155	9845	10000
  2223	155	9845	10000
  2224	155	9845	10000
  2225	155	9845	10000
  2226	155	9845	10000
  2227	155	9845	10000
  2228	155	9845	10000
  2229	155	9845	10000
  2230	155	9845	10000
  2231	155	9845	10000
  2232	155	9845	10000
  2233	155	9845	10000
  2234	155	9845	10000
  2235	155	9845	10000
  2236	155	9845	10000
  2237	155	9845	10000
  2238	155	9845	10000
  2239	155	9845	10000
  2240	155	9845	10000
  2241	155	9845	10000
  2242	155	9845	10000
  2243	155	9845	10000
  2244	155	9845	10000
  2245	155	9845	10000
  2246	155	9845	10000
  2247	155	9845	10000
  2248	155	9845	10000
  2249	155	9845	10000
  2250	155	9845	10000
  2251	155	9845	10000
  2252	155	9845	10000
  2253	155	9845	10000
  2254	155	9845	10000
  2255	155	9845	10000
  2256	155	9845	10000
  2257	155	9845	10000
  2258	155	9845	10000
  2259	155	9845	10000
  2260	155	9845	10000
  2261	155	9845	10000
  2262	155	9845	10000
  2263	155	9845	10000
  2264	155	9845	10000
  2265	155	9845	10000
  2266	155	9845	10000
  2267	155	9845	10000
  2268	155	9845	10000
  2269	155	9845	10000
  2270	155	9845	10000
  2271	155	9845	10000
  2272	155	9845	10000
  2273	155	9845	10000
  2274	155	9845	10000
  2275	155	9845	10000
  2276	155	9845	10000
  2277	155	9845	10000
  2278	155	9845	10000
  2279	155	9845	10000
  2280	155	9845	10000
  2281	155	9845	10000
  2282	155	9845	10000
  2283	155	9845	10000
  2284	155	9845	10000
  2285	155	9845	10000
  2286	155	9845	10000
  2287	155	9845	10000
  2288	155	9845	10000
  2289	155	9845	10000
  2290	155	9845	10000
  2291	155	9845	10000
  2292	155	9845	10000
  2293	155	9845	10000
  2294	155	9845	10000
  2295	155	9845	10000
  2296	155	9845	10000
  2297	155	9845	10000
  2298	155	9845	10000
  2299	155	9845	10000
  2300	155	9845	10000
  2301	155	9845	10000
  2302	155	9845	10000
  2303	155	9845	10000
  2304	155	9845	10000
  2305	155	9845	10000
  2306	155	9845	10000
  2307	155	9845	10000
  2308	155	9845	10000
  2309	155	9845	10000
  2310	155	9845	10000
  2311	155	9845	10000
  2312	155	9845	10000
  2313	155	9845	10000
  2314	155	9845	10000
  2315	155	9845	10000
  2316	155	9845	10000
  2317	155	9845	10000
  2318	155	9845	10000
  2319	155	9845	10000
  2320	155	9845	10000
  2321	155	9845	10000
  2322	155	9845	10000
  2323	155	9845	10000
  2324	155	9845	10000
  2325	155	9845	10000
  2326	155	9845	10000
  2327	155	9845	10000
  2328	155	9845	10000
  2329	155	9845	10000
  2330	155	9845	10000
  2331	155	9845	10000
  2332	155	9845	10000
  2333	155	9845	10000
  2334	155	9845	10000
  2335	155	9845	10000
  2336	155	9845	10000
  2337	155	9845	10000
  2338	155	9845	10000
  2339	155	9845	10000
  2340	155	9845	10000
  2341	155	9845	10000
  2342	155	9845	10000
  2343	155	9845	10000
  2344	155	9845	10000
  2345	155	9845	10000
  2346	155	9845	10000
  2347	155	9845	10000
  2348	155	9845	10000
  2349	155	9845	10000
  2350	155	9845	10000
  2351	155	9845	10000
  2352	155	9845	10000
  2353	155	9845	10000
  2354	155	9845	10000
  2355	155	9845	10000
  2356	155	9845	10000
  2357	155	9845	10000
  2358	155	9845	10000
  2359	155	9845	10000
  2360	155	9845	10000
  2361	155	9845	10000
  2362	155	9845	10000
  2363	155	9845	10000
  2364	155	9845	10000
  2365	155	9845	10000
  2366	155	9845	10000
  2367	155	9845	10000
  2368	155	9845	10000
  2369	155	9845	10000
  2370	155	9845	10000
  2371	155	9845	10000
  2372	155	9845	10000
  2373	155	9845	10000
  2374	155	9845	10000
  2375	155	9845	10000
  2376	155	9845	10000
  2377	155	9845	10000
  2378	155	9845	10000
  2379	155	9845	10000
  2380	155	9845	10000
  2381	155	9845	10000
  2382	155	9845	10000
  2383	155	9845	10000
  2384	155	9845	10000
  2385	155	9845	10000
  2386	155	9845	10000
  2387	155	9845	10000
  2388	155	9845	10000
  2389	155	9845	10000
  2390	155	9845	10000
  2391	155	9845	10000
  2392	155	9845	10000
  2393	155	9845	10000
  2394	155	9845	10000
  2395	155	9845	10000
  2396	155	9845	10000
  2397	155	9845	10000
  2398	155	9845	10000
  2399	155	9845	10000
  2400	155	9845	10000
  2401	155	9845	10000
  2402	155	9845	10000
  2403	155	9845	10000
  2404	155	9845	10000
  2405	155	9845	10000
  2406	155	9845	10000
  2407	155	9845	10000
  2408	155	9845	10000
  2409	155	9845	10000
  2410	155	9845	10000
  2411	155	9845	10000
  2412	155	9845	10000
  2413	155	9845	10000
  2414	155	9845	10000
  2415	155	9845	10000
  2416	155	9845	10000
  2417	155	9845	10000
  2418	155	9845	10000
  2419	155	9845	10000
  2420	155	9845	10000
  2421	155	9845	10000
  2422	155	9845	10000
  2423	155	9845	10000
  2424	155	9845	10000
  2425	155	9845	10000
  2426	155	9845	10000
  2427	155	9845	10000
  2428	155	9845	10000
  2429	155	9845	10000
  2430	155	9845	10000
  2431	155	9845	10000
  2432	155	9845	10000
  2433	155	9845	10000
  2434	155	9845	10000
  2435	155	9845	10000
  2436	155	9845	10000
  2437	155	9845	10000
  2438	155	9845	10000
  2439	155	9845	10000
  2440	155	9845	10000
  2441	155	9845	10000
  2442	155	9845	10000
  2443	155	9845	10000
  2444	155	9845	10000
  2445	155	9845	10000
  2446	155	9845	10000
  2447	155	9845	10000
  2448	155	9845	10000
  2449	155	9845	10000
  2450	155	9845	10000
  2451	155	9845	10000
  2452	155	9845	10000
  2453	155	9845	10000
  2454	155	9845	10000
  2455	155	9845	10000
  2456	155	9845	10000
  2457	155	9845	10000
  2458	155	9845	10000
  2459	155	9845	10000
  2460	155	9845	10000
  2461	155	9845	10000
  2462	155	9845	10000
  2463	155	9845	10000
  2464	155	9845	10000
  2465	155	9845	10000
  2466	155	9845	10000
  2467	155	9845	10000
  2468	155	9845	10000
  2469	155	9845	10000
  2470	155	9845	10000
  2471	155	9845	10000
  2472	155	9845	10000
  2473	155	9845	10000
  2474	155	9845	10000
  2475	155	9845	10000
  2476	155	9845	10000
  2477	155	9845	10000
  2478	155	9845	10000
  2479	155	9845	10000
  2480	155	9845	10000
  2481	155	9845	10000
  2482	155	9845	10000
  2483	155	9845	10000
  2484	155	9845	10000
  2485	155	9845	10000
  2486	155	9845	10000
  2487	155	9845	10000
  2488	155	9845	10000
  2489	155	9845	10000
  2490	155	9845	10000
  2491	155	9845	10000
  2492	155	9845	10000
  2493	155	9845	10000
  2494	155	9845	10000
  2495	155	9845	10000
  2496	155	9845	10000
  2497	155	9845	10000
  2498	155	9845	10000
  2499	155	9845	10000
  2500	155	9845	10000
  2501	155	9845	10000
  2502	155	9845	10000
  2503	155	9845	10000
  2504	155	9845	10000
  2505	155	9845	10000
  2506	155	9845	10000
  2507	155	9845	10000
  2508	155	9845	10000
  2509	155	9845	10000
  2510	155	9845	10000
  2511	155	9845	10000
  2512	155	9845	10000
  2513	155	9845	10000
  2514	155	9845	10000
  2515	155	9845	10000
  2516	155	9845	10000
  2517	155	9845	10000
  2518	155	9845	10000
  2519	155	9845	10000
  2520	155	9845	10000
  2521	155	9845	10000
  2522	155	9845	10000
  2523	155	9845	10000
  2524	155	9845	10000
  2525	155	9845	10000
  2526	155	9845	10000
  2527	155	9845	10000
  2528	155	9845	10000
  2529	155	9845	10000
  2530	155	9845	10000
  2531	155	9845	10000
  2532	155	9845	10000
  2533	155	9845	10000
  2534	155	9845	10000
  2535	155	9845	10000
  2536	155	9845	10000
  2537	155	9845	10000
  2538	155	9845	10000
  2539	155	9845	10000
  2540	155	9845	10000
  2541	155	9845	10000
  2542	155	9845	10000
  2543	155	9845	10000
  2544	155	9845	10000
  2545	155	9845	10000
  2546	155	9845	10000
  2547	155	9845	10000
  2548	155	9845	10000
  2549	155	9845	10000
  2550	155	9845	10000
  2551	155	9845	10000
  2552	155	9845	10000
  2553	155	9845	10000
  2554	155	9845	10000
  2555	155	9845	10000
  2556	155	9845	10000
  2557	155	9845	10000
  2558	155	9845	10000
  2559	155	9845	10000
  2560	155	9845	10000
  2561	155	9845	10000
  2562	155	9845	10000
  2563	155	9845	10000
  2564	155	9845	10000
  2565	155	9845	10000
  2566	155	9845	10000
  2567	155	9845	10000
  2568	155	9845	10000
  2569	155	9845	10000
  2570	155	9845	10000
  2571	155	9845	10000
  2572	155	9845	10000
  2573	155	9845	10000
  2574	155	9845	10000
  2575	155	9845	10000
  2576	155	9845	10000
  2577	155	9845	10000
  2578	155	9845	10000
  2579	155	9845	10000
  2580	155	9845	10000
  2581	155	9845	10000
  2582	155	9845	10000
  2583	155	9845	10000
  2584	155	9845	10000
  2585	155	9845	10000
  2586	155	9845	10000
  2587	155	9845	10000
  2588	155	9845	10000
  2589	155	9845	10000
  2590	155	9845	10000
  2591	155	9845	10000
  2592	155	9845	10000
  2593	155	9845	10000
  2594	155	9845	10000
  2595	155	9845	10000
  2596	155	9845	10000
  2597	155	9845	10000
  2598	155	9845	10000
  2599	155	9845	10000
  2600	155	9845	10000
  2601	155	9845	10000
  2602	155	9845	10000
  2603	155	9845	10000
  2604	155	9845	10000
  2605	155	9845	10000
  2606	155	9845	10000
  2607	155	9845	10000
  2608	155	9845	10000
  2609	155	9845	10000
  2610	155	9845	10000
  2611	155	9845	10000
  2612	155	9845	10000
  2613	155	9845	10000
  2614	155	9845	10000
  2615	155	9845	10000
  2616	155	9845	10000
  2617	155	9845	10000
  2618	155	9845	10000
  2619	155	9845	10000
  2620	155	9845	10000
  2621	155	9845	10000
  2622	155	9845	10000
  2623	155	9845	10000
  2624	155	9845	10000
  2625	155	9845	10000
  2626	155	9845	10000
  2627	155	9845	10000
  2628	155	9845	10000
  2629	155	9845	10000
  2630	155	9845	10000
  2631	155	9845	10000
  2632	155	9845	10000
  2633	155	9845	10000
  2634	155	9845	10000
  2635	155	9845	10000
  2636	155	9845	10000
  2637	155	9845	10000
  2638	155	9845	10000
  2639	155	9845	10000
  2640	155	9845	10000
  2641	155	9845	10000
  2642	155	9845	10000
  2643	155	9845	10000
  2644	155	9845	10000
  2645	155	9845	10000
  2646	155	9845	10000
  2647	155	9845	10000
  2648	155	9845	10000
  2649	155	9845	10000
  2650	155	9845	10000
  2651	155	9845	10000
  2652	155	9845	10000
  2653	155	9845	10000
  2654	155	9845	10000
  2655	155	9845	10000
  2656	155	9845	10000
  2657	155	9845	10000
  2658	155	9845	10000
  2659	155	9845	10000
  2660	155	9845	10000
  2661	155	9845	10000
  2662	155	9845	10000
  2663	155	9845	10000
  2664	155	9845	10000
  2665	155	9845	10000
  2666	155	9845	10000
  2667	155	9845	10000
  2668	155	9845	10000
  2669	155	9845	10000
  2670	155	9845	10000
  2671	155	9845	10000
  2672	155	9845	10000
  2673	155	9845	10000
  2674	155	9845	10000
  2675	155	9845	10000
  2676	155	9845	10000
  2677	155	9845	10000
  2678	155	9845	10000
  2679	155	9845	10000
  2680	155	9845	10000
  2681	155	9845	10000
  2682	155	9845	10000
  2683	155	9845	10000
  2684	155	9845	10000
  2685	155	9845	10000
  2686	155	9845	10000
  2687	155	9845	10000
  2688	155	9845	10000
  2689	155	9845	10000
  2690	155	9845	10000
  2691	155	9845	10000
  2692	155	9845	10000
  2693	155	9845	10000
  2694	155	9845	10000
  2695	155	9845	10000
  2696	155	9845	10000
  2697	155	9845	10000
  2698	155	9845	10000
  2699	155	9845	10000
  2700	155	9845	10000
  2701	155	9845	10000
  2702	155	9845	10000
  2703	155	9845	10000
  2704	155	9845	10000
  2705	155	9845	10000
  2706	155	9845	10000
  2707	155	9845	10000
  2708	155	9845	10000
  2709	155	9845	10000
  2710	155	9845	10000
  2711	155	9845	10000
  2712	155	9845	10000
  2713	155	9845	10000
  2714	155	9845	10000
  2715	155	9845	10000
  2716	155	9845	10000
  2717	155	9845	10000
  2718	155	9845	10000
  2719	155	9845	10000
  2720	155	9845	10000
  2721	155	9845	10000
  2722	155	9845	10000
  2723	155	9845	10000
  2724	155	9845	10000
  2725	155	9845	10000
  2726	155	9845	10000
  2727	155	9845	10000
  2728	155	9845	10000
  2729	155	9845	10000
  2730	155	9845	10000
  2731	155	9845	10000
  2732	155	9845	10000
  2733	155	9845	10000
  2734	155	9845	10000
  2735	155	9845	10000
  2736	155	9845	10000
  2737	155	9845	10000
  2738	155	9845	10000
  2739	155	9845	10000
  2740	155	9845	10000
  2741	155	9845	10000
  2742	155	9845	10000
  2743	155	9845	10000
  2744	155	9845	10000
  2745	155	9845	10000
  2746	155	9845	10000
  2747	155	9845	10000
  2748	155	9845	10000
  2749	155	9845	10000
  2750	155	9845	10000
  2751	155	9845	10000
  2752	155	9845	10000
  2753	155	9845	10000
  2754	155	9845	10000
  2755	155	9845	10000
  2756	155	9845	10000
  2757	155	9845	10000
  2758	155	9845	10000
  2759	155	9845	10000
  2760	155	9845	10000
  2761	155	9845	10000
  2762	155	9845	10000
  2763	155	9845	10000
  2764	155	9845	10000
  2765	155	9845	10000
  2766	155	9845	10000
  2767	155	9845	10000
  2768	155	9845	10000
  2769	155	9845	10000
  2770	155	9845	10000
  2771	155	9845	10000
  2772	155	9845	10000
  2773	155	9845	10000
  2774	155	9845	10000
  2775	155	9845	10000
  2776	155	9845	10000
  2777	155	9845	10000
  2778	155	9845	10000
  2779	155	9845	10000
  2780	155	9845	10000
  2781	155	9845	10000
  2782	155	9845	10000
  2783	155	9845	10000
  2784	155	9845	10000
  2785	155	9845	10000
  2786	155	9845	10000
  2787	155	9845	10000
  2788	155	9845	10000
  2789	155	9845	10000
  2790	155	9845	10000
  2791	155	9845	10000
  2792	155	9845	10000
  2793	155	9845	10000
  2794	155	9845	10000
  2795	155	9845	10000
  2796	155	9845	10000
  2797	155	9845	10000
  2798	155	9845	10000
  2799	155	9845	10000
  2800	155	9845	10000
  2801	155	9845	10000
  2802	155	9845	10000
  2803	155	9845	10000
  2804	155	9845	10000
  2805	155	9845	10000
  2806	155	9845	10000
  2807	155	9845	10000
  2808	155	9845	10000
  2809	155	9845	10000
  2810	155	9845	10000
  2811	155	9845	10000
  2812	155	9845	10000
  2813	155	9845	10000
  2814	155	9845	10000
  2815	155	9845	10000
  2816	155	9845	10000
  2817	155	9845	10000
  2818	155	9845	10000
  2819	155	9845	10000
  2820	155	9845	10000
  2821	155	9845	10000
  2822	155	9845	10000
  2823	155	9845	10000
  2824	155	9845	10000
  2825	155	9845	10000
  2826	155	9845	10000
  2827	155	9845	10000
  2828	155	9845	10000
  2829	155	9845	10000
  2830	155	9845	10000
  2831	155	9845	10000
  2832	155	9845	10000
  2833	155	9845	10000
  2834	155	9845	10000
  2835	155	9845	10000
  2836	155	9845	10000
  2837	155	9845	10000
  2838	155	9845	10000
  2839	155	9845	10000
  2840	155	9845	10000
  2841	155	9845	10000
  2842	155	9845	10000
  2843	155	9845	10000
  2844	155	9845	10000
  2845	155	9845	10000
  2846	155	9845	10000
  2847	155	9845	10000
  2848	155	9845	10000
  2849	155	9845	10000
  2850	155	9845	10000
  2851	155	9845	10000
  2852	155	9845	10000
  2853	155	9845	10000
  2854	155	9845	10000
  2855	155	9845	10000
  2856	155	9845	10000
  2857	155	9845	10000
  2858	155	9845	10000
  2859	155	9845	10000
  2860	155	9845	10000
  2861	155	9845	10000
  2862	155	9845	10000
  2863	155	9845	10000
  2864	155	9845	10000
  2865	155	9845	10000
  2866	155	9845	10000
  2867	155	9845	10000
  2868	155	9845	10000
  2869	155	9845	10000
  2870	155	9845	10000
  2871	155	9845	10000
  2872	155	9845	10000
  2873	155	9845	10000
  2874	155	9845	10000
  2875	155	9845	10000
  2876	155	9845	10000
  2877	155	9845	10000
  2878	155	9845	10000
  2879	155	9845	10000
  2880	155	9845	10000
  2881	155	9845	10000
  2882	155	9845	10000
  2883	155	9845	10000
  2884	155	9845	10000
  2885	155	9845	10000
  2886	155	9845	10000
  2887	155	9845	10000
  2888	155	9845	10000
  2889	155	9845	10000
  2890	155	9845	10000
  2891	155	9845	10000
  2892	155	9845	10000
  2893	155	9845	10000
  2894	155	9845	10000
  2895	155	9845	10000
  2896	155	9845	10000
  2897	155	9845	10000
  2898	155	9845	10000
  2899	155	9845	10000
  2900	155	9845	10000
  2901	155	9845	10000
  2902	155	9845	10000
  2903	155	9845	10000
  2904	155	9845	10000
  2905	155	9845	10000
  2906	155	9845	10000
  2907	155	9845	10000
  2908	155	9845	10000
  2909	155	9845	10000
  2910	155	9845	10000
  2911	155	9845	10000
  2912	155	9845	10000
  2913	155	9845	10000
  2914	155	9845	10000
  2915	155	9845	10000
  2916	155	9845	10000
  2917	155	9845	10000
  2918	155	9845	10000
  2919	155	9845	10000
  2920	155	9845	10000
  2921	155	9845	10000
  2922	155	9845	10000
  2923	155	9845	10000
  2924	155	9845	10000
  2925	155	9845	10000
  2926	155	9845	10000
  2927	155	9845	10000
  2928	155	9845	10000
  2929	155	9845	10000
  2930	155	9845	10000
  2931	155	9845	10000
  2932	155	9845	10000
  2933	155	9845	10000
  2934	155	9845	10000
  2935	155	9845	10000
  2936	155	9845	10000
  2937	155	9845	10000
  2938	155	9845	10000
  2939	155	9845	10000
  2940	155	9845	10000
  2941	155	9845	10000
  2942	155	9845	10000
  2943	155	9845	10000
  2944	155	9845	10000
  2945	155	9845	10000
  2946	155	9845	10000
  2947	155	9845	10000
  2948	155	9845	10000
  2949	155	9845	10000
  2950	155	9845	10000
  2951	155	9845	10000
  2952	155	9845	10000
  2953	155	9845	10000
  2954	155	9845	10000
  2955	155	9845	10000
  2956	155	9845	10000
  2957	155	9845	10000
  2958	155	9845	10000
  2959	155	9845	10000
  2960	155	9845	10000
  2961	155	9845	10000
  2962	155	9845	10000
  2963	155	9845	10000
  2964	155	9845	10000
  2965	155	9845	10000
  2966	155	9845	10000
  2967	155	9845	10000
  2968	155	9845	10000
  2969	155	9845	10000
  2970	155	9845	10000
  2971	155	9845	10000
  2972	155	9845	10000
  2973	155	9845	10000
  2974	155	9845	10000
  2975	155	9845	10000
  2976	155	9845	10000
  2977	155	9845	10000
  2978	155	9845	10000
  2979	155	9845	10000
  2980	155	9845	10000
  2981	155	9845	10000
  2982	155	9845	10000
  2983	155	9845	10000
  2984	155	9845	10000
  2985	155	9845	10000
  2986	155	9845	10000
  2987	155	9845	10000
  2988	155	9845	10000
  2989	155	9845	10000
  2990	155	9845	10000
  2991	155	9845	10000
  2992	155	9845	10000
  2993	155	9845	10000
  2994	155	9845	10000
  2995	155	9845	10000
  2996	155	9845	10000
  2997	155	9845	10000
  2998	155	9845	10000
  2999	155	9845	10000
  3000	155	9845	10000
  3001	155	9845	10000
  3002	155	9845	10000
  3003	155	9845	10000
  3004	155	9845	10000
  3005	155	9845	10000
  3006	155	9845	10000
  3007	155	9845	10000
  3008	155	9845	10000
  3009	155	9845	10000
  3010	155	9845	10000
  3011	155	9845	10000
  3012	155	9845	10000
  3013	155	9845	10000
  3014	155	9845	10000
  3015	155	9845	10000
  3016	155	9845	10000
  3017	155	9845	10000
  3018	155	9845	10000
  3019	155	9845	10000
  3020	155	9845	10000
  3021	155	9845	10000
  3022	155	9845	10000
  3023	155	9845	10000
  3024	155	9845	10000
  3025	155	9845	10000
  3026	155	9845	10000
  3027	155	9845	10000
  3028	155	9845	10000
  3029	155	9845	10000
  3030	155	9845	10000
  3031	155	9845	10000
  3032	155	9845	10000
  3033	155	9845	10000
  3034	155	9845	10000
  3035	155	9845	10000
  3036	155	9845	10000
  3037	155	9845	10000
  3038	155	9845	10000
  3039	155	9845	10000
  3040	155	9845	10000
  3041	155	9845	10000
  3042	155	9845	10000
  3043	155	9845	10000
  3044	155	9845	10000
  3045	155	9845	10000
  3046	155	9845	10000
  3047	155	9845	10000
  3048	155	9845	10000
  3049	155	9845	10000
  3050	155	9845	10000
  3051	155	9845	10000
  3052	155	9845	10000
  3053	155	9845	10000
  3054	155	9845	10000
  3055	155	9845	10000
  3056	155	9845	10000
  3057	155	9845	10000
  3058	155	9845	10000
  3059	155	9845	10000
  3060	155	9845	10000
  3061	155	9845	10000
  3062	155	9845	10000
  3063	155	9845	10000
  3064	155	9845	10000
  3065	155	9845	10000
  3066	155	9845	10000
  3067	155	9845	10000
  3068	155	9845	10000
  3069	155	9845	10000
  3070	155	9845	10000
  3071	155	9845	10000
  3072	155	9845	10000
  3073	155	9845	10000
  3074	155	9845	10000
  3075	155	9845	10000
  3076	155	9845	10000
  3077	155	9845	10000
  3078	155	9845	10000
  3079	155	9845	10000
  3080	155	9845	10000
  3081	155	9845	10000
  3082	155	9845	10000
  3083	155	9845	10000
  3084	155	9845	10000
  3085	155	9845	10000
  3086	155	9845	10000
  3087	155	9845	10000
  3088	155	9845	10000
  3089	155	9845	10000
  3090	155	9845	10000
  3091	155	9845	10000
  3092	155	9845	10000
  3093	155	9845	10000
  3094	155	9845	10000
  3095	155	9845	10000
  3096	155	9845	10000
  3097	155	9845	10000
  3098	155	9845	10000
  3099	155	9845	10000
  3100	155	9845	10000
  3101	155	9845	10000
  3102	155	9845	10000
  3103	155	9845	10000
  3104	155	9845	10000
  3105	155	9845	10000
  3106	155	9845	10000
  3107	155	9845	10000
  3108	155	9845	10000
  3109	155	9845	10000
  3110	155	9845	10000
  3111	155	9845	10000
  3112	155	9845	10000
  3113	155	9845	10000
  3114	155	9845	10000
  3115	155	9845	10000
  3116	155	9845	10000
  3117	155	9845	10000
  3118	155	9845	10000
  3119	155	9845	10000
  3120	155	9845	10000
  3121	155	9845	10000
  3122	155	9845	10000
  3123	155	9845	10000
  3124	155	9845	10000
  3125	155	9845	10000
  3126	155	9845	10000
  3127	155	9845	10000
  3128	155	9845	10000
  3129	155	9845	10000
  3130	155	9845	10000
  3131	155	9845	10000
  3132	155	9845	10000
  3133	155	9845	10000
  3134	155	9845	10000
  3135	155	9845	10000
  3136	155	9845	10000
  3137	155	9845	10000
  3138	155	9845	10000
  3139	155	9845	10000
  3140	155	9845	10000
  3141	155	9845	10000
  3142	155	9845	10000
  3143	155	9845	10000
  3144	155	9845	10000
  3145	155	9845	10000
  3146	155	9845	10000
  3147	155	9845	10000
  3148	155	9845	10000
  3149	155	9845	10000
  3150	155	9845	10000
  3151	155	9845	10000
  3152	155	9845	10000
  3153	155	9845	10000
  3154	155	9845	10000
  3155	155	9845	10000
  3156	155	9845	10000
  3157	155	9845	10000
  3158	155	9845	10000
  3159	155	9845	10000
  3160	155	9845	10000
  3161	155	9845	10000
  3162	155	9845	10000
  3163	155	9845	10000
  3164	155	9845	10000
  3165	155	9845	10000
  3166	155	9845	10000
  3167	155	9845	10000
  3168	155	9845	10000
  3169	155	9845	10000
  3170	155	9845	10000
  3171	155	9845	10000
  3172	155	9845	10000
  3173	155	9845	10000
  3174	155	9845	10000
  3175	155	9845	10000
  3176	155	9845	10000
  3177	155	9845	10000
  3178	155	9845	10000
  3179	155	9845	10000
  3180	155	9845	10000
  3181	155	9845	10000
  3182	155	9845	10000
  3183	155	9845	10000
  3184	155	9845	10000
  3185	155	9845	10000
  3186	155	9845	10000
  3187	155	9845	10000
  3188	155	9845	10000
  3189	155	9845	10000
  3190	155	9845	10000
  3191	155	9845	10000
  3192	155	9845	10000
  3193	155	9845	10000
  3194	155	9845	10000
  3195	155	9845	10000
  3196	155	9845	10000
  3197	155	9845	10000
  3198	155	9845	10000
  3199	155	9845	10000
  3200	155	9845	10000
  3201	155	9845	10000
  3202	155	9845	10000
  3203	155	9845	10000
  3204	155	9845	10000
  3205	155	9845	10000
  3206	155	9845	10000
  3207	155	9845	10000
  3208	155	9845	10000
  3209	155	9845	10000
  3210	155	9845	10000
  3211	155	9845	10000
  3212	155	9845	10000
  3213	155	9845	10000
  3214	155	9845	10000
  3215	155	9845	10000
  3216	155	9845	10000
  3217	155	9845	10000
  3218	155	9845	10000
  3219	155	9845	10000
  3220	155	9845	10000
  3221	155	9845	10000
  3222	155	9845	10000
  3223	155	9845	10000
  3224	155	9845	10000
  3225	155	9845	10000
  3226	155	9845	10000
  3227	155	9845	10000
  3228	155	9845	10000
  3229	155	9845	10000
  3230	155	9845	10000
  3231	155	9845	10000
  3232	155	9845	10000
  3233	155	9845	10000
  3234	155	9845	10000
  3235	155	9845	10000
  3236	155	9845	10000
  3237	155	9845	10000
  3238	155	9845	10000
  3239	155	9845	10000
  3240	155	9845	10000
  3241	155	9845	10000
  3242	155	9845	10000
  3243	155	9845	10000
  3244	155	9845	10000
  3245	155	9845	10000
  3246	155	9845	10000
  3247	155	9845	10000
  3248	155	9845	10000
  3249	155	9845	10000
  3250	155	9845	10000
  3251	155	9845	10000
  3252	155	9845	10000
  3253	155	9845	10000
  3254	155	9845	10000
  3255	155	9845	10000
  3256	155	9845	10000
  3257	155	9845	10000
  3258	155	9845	10000
  3259	155	9845	10000
  3260	155	9845	10000
  3261	155	9845	10000
  3262	155	9845	10000
  3263	155	9845	10000
  3264	155	9845	10000
  3265	155	9845	10000
  3266	155	9845	10000
  3267	155	9845	10000
  3268	155	9845	10000
  3269	155	9845	10000
  3270	155	9845	10000
  3271	155	9845	10000
  3272	155	9845	10000
  3273	155	9845	10000
  3274	155	9845	10000
  3275	155	9845	10000
  3276	155	9845	10000
  3277	155	9845	10000
  3278	155	9845	10000
  3279	155	9845	10000
  3280	155	9845	10000
  3281	155	9845	10000
  3282	155	9845	10000
  3283	155	9845	10000
  3284	155	9845	10000
  3285	155	9845	10000
  3286	155	9845	10000
  3287	155	9845	10000
  3288	155	9845	10000
  3289	155	9845	10000
  3290	155	9845	10000
  3291	155	9845	10000
  3292	155	9845	10000
  3293	155	9845	10000
  3294	155	9845	10000
  3295	155	9845	10000
  3296	155	9845	10000
  3297	155	9845	10000
  3298	155	9845	10000
  3299	155	9845	10000
  3300	155	9845	10000
  3301	155	9845	10000
  3302	155	9845	10000
  3303	155	9845	10000
  3304	155	9845	10000
  3305	155	9845	10000
  3306	155	9845	10000
  3307	155	9845	10000
  3308	155	9845	10000
  3309	155	9845	10000
  3310	155	9845	10000
  3311	155	9845	10000
  3312	155	9845	10000
  3313	155	9845	10000
  3314	155	9845	10000
  3315	155	9845	10000
  3316	155	9845	10000
  3317	155	9845	10000
  3318	155	9845	10000
  3319	155	9845	10000
  3320	155	9845	10000
  3321	155	9845	10000
  3322	155	9845	10000
  3323	155	9845	10000
  3324	155	9845	10000
  3325	155	9845	10000
  3326	155	9845	10000
  3327	155	9845	10000
  3328	155	9845	10000
  3329	155	9845	10000
  3330	155	9845	10000
  3331	155	9845	10000
  3332	155	9845	10000
  3333	155	9845	10000
  3334	155	9845	10000
  3335	155	9845	10000
  3336	155	9845	10000
  3337	155	9845	10000
  3338	155	9845	10000
  3339	155	9845	10000
  3340	155	9845	10000
  3341	155	9845	10000
  3342	155	9845	10000
  3343	155	9845	10000
  3344	155	9845	10000
  3345	155	9845	10000
  3346	155	9845	10000
  3347	155	9845	10000
  3348	155	9845	10000
  3349	155	9845	10000
  3350	155	9845	10000
  3351	155	9845	10000
  3352	155	9845	10000
  3353	155	9845	10000
  3354	155	9845	10000
  3355	155	9845	10000
  3356	155	9845	10000
  3357	155	9845	10000
  3358	155	9845	10000
  3359	155	9845	10000
  3360	155	9845	10000
  3361	155	9845	10000
  3362	155	9845	10000
  3363	155	9845	10000
  3364	155	9845	10000
  3365	155	9845	10000
  3366	155	9845	10000
  3367	155	9845	10000
  3368	155	9845	10000
  3369	155	9845	10000
  3370	155	9845	10000
  3371	155	9845	10000
  3372	155	9845	10000
  3373	155	9845	10000
  3374	155	9845	10000
  3375	155	9845	10000
  3376	155	9845	10000
  3377	155	9845	10000
  3378	155	9845	10000
  3379	155	9845	10000
  3380	155	9845	10000
  3381	155	9845	10000
  3382	155	9845	10000
  3383	155	9845	10000
  3384	155	9845	10000
  3385	155	9845	10000
  3386	155	9845	10000
  3387	155	9845	10000
  3388	155	9845	10000
  3389	155	9845	10000
  3390	155	9845	10000
  3391	155	9845	10000
  3392	155	9845	10000
  3393	155	9845	10000
  3394	155	9845	10000
  3395	155	9845	10000
  3396	155	9845	10000
  3397	155	9845	10000
  3398	155	9845	10000
  3399	155	9845	10000
  3400	155	9845	10000
  3401	155	9845	10000
  3402	155	9845	10000
  3403	155	9845	10000
  3404	155	9845	10000
  3405	155	9845	10000
  3406	155	9845	10000
  3407	155	9845	10000
  3408	155	9845	10000
  3409	155	9845	10000
  3410	155	9845	10000
  3411	155	9845	10000
  3412	155	9845	10000
  3413	155	9845	10000
  3414	155	9845	10000
  3415	155	9845	10000
  3416	155	9845	10000
  3417	155	9845	10000
  3418	155	9845	10000
  3419	155	9845	10000
  3420	155	9845	10000
  3421	155	9845	10000
  3422	155	9845	10000
  3423	155	9845	10000
  3424	155	9845	10000
  3425	155	9845	10000
  3426	155	9845	10000
  3427	155	9845	10000
  3428	155	9845	10000
  3429	155	9845	10000
  3430	155	9845	10000
  3431	155	9845	10000
  3432	155	9845	10000
  3433	155	9845	10000
  3434	155	9845	10000
  3435	155	9845	10000
  3436	155	9845	10000
  3437	155	9845	10000
  3438	155	9845	10000
  3439	155	9845	10000
  3440	155	9845	10000
  3441	155	9845	10000
  3442	155	9845	10000
  3443	155	9845	10000
  3444	155	9845	10000
  3445	155	9845	10000
  3446	155	9845	10000
  3447	155	9845	10000
  3448	155	9845	10000
  3449	155	9845	10000
  3450	155	9845	10000
  3451	155	9845	10000
  3452	155	9845	10000
  3453	155	9845	10000
  3454	155	9845	10000
  3455	155	9845	10000
  3456	155	9845	10000
  3457	155	9845	10000
  3458	155	9845	10000
  3459	155	9845	10000
  3460	155	9845	10000
  3461	155	9845	10000
  3462	155	9845	10000
  3463	155	9845	10000
  3464	155	9845	10000
  3465	155	9845	10000
  3466	155	9845	10000
  3467	155	9845	10000
  3468	155	9845	10000
  3469	155	9845	10000
  3470	155	9845	10000
  3471	155	9845	10000
  3472	155	9845	10000
  3473	155	9845	10000
  3474	155	9845	10000
  3475	155	9845	10000
  3476	155	9845	10000
  3477	155	9845	10000
  3478	155	9845	10000
  3479	155	9845	10000
  3480	155	9845	10000
  3481	155	9845	10000
  3482	155	9845	10000
  3483	155	9845	10000
  3484	155	9845	10000
  3485	155	9845	10000
  3486	155	9845	10000
  3487	155	9845	10000
  3488	155	9845	10000
  3489	155	9845	10000
  3490	155	9845	10000
  3491	155	9845	10000
  3492	155	9845	10000
  3493	155	9845	10000
  3494	155	9845	10000
  3495	155	9845	10000
  3496	155	9845	10000
  3497	155	9845	10000
  3498	155	9845	10000
  3499	155	9845	10000
  3500	155	9845	10000
  3501	155	9845	10000
  3502	155	9845	10000
  3503	155	9845	10000
  3504	155	9845	10000
  3505	155	9845	10000
  3506	155	9845	10000
  3507	155	9845	10000
  3508	155	9845	10000
  3509	155	9845	10000
  3510	155	9845	10000
  3511	155	9845	10000
  3512	155	9845	10000
  3513	155	9845	10000
  3514	155	9845	10000
  3515	155	9845	10000
  3516	155	9845	10000
  3517	155	9845	10000
  3518	155	9845	10000
  3519	155	9845	10000
  3520	155	9845	10000
  3521	155	9845	10000
  3522	155	9845	10000
  3523	155	9845	10000
  3524	155	9845	10000
  3525	155	9845	10000
  3526	155	9845	10000
  3527	155	9845	10000
  3528	155	9845	10000
  3529	155	9845	10000
  3530	155	9845	10000
  3531	155	9845	10000
  3532	155	9845	10000
  3533	155	9845	10000
  3534	155	9845	10000
  3535	155	9845	10000
  3536	155	9845	10000
  3537	155	9845	10000
  3538	155	9845	10000
  3539	155	9845	10000
  3540	155	9845	10000
  3541	155	9845	10000
  3542	155	9845	10000
  3543	155	9845	10000
  3544	155	9845	10000
  3545	155	9845	10000
  3546	155	9845	10000
  3547	155	9845	10000
  3548	155	9845	10000
  3549	155	9845	10000
  3550	155	9845	10000
  3551	155	9845	10000
  3552	155	9845	10000
  3553	155	9845	10000
  3554	155	9845	10000
  3555	155	9845	10000
  3556	155	9845	10000
  3557	155	9845	10000
  3558	155	9845	10000
  3559	155	9845	10000
  3560	155	9845	10000
  3561	155	9845	10000
  3562	155	9845	10000
  3563	155	9845	10000
  3564	155	9845	10000
  3565	155	9845	10000
  3566	155	9845	10000
  3567	155	9845	10000
  3568	155	9845	10000
  3569	155	9845	10000
  3570	155	9845	10000
  3571	155	9845	10000
  3572	155	9845	10000
  3573	155	9845	10000
  3574	155	9845	10000
  3575	155	9845	10000
  3576	155	9845	10000
  3577	155	9845	10000
  3578	155	9845	10000
  3579	155	9845	10000
  3580	155	9845	10000
  3581	155	9845	10000
  3582	155	9845	10000
  3583	155	9845	10000
  3584	155	9845	10000
  3585	155	9845	10000
  3586	155	9845	10000
  3587	155	9845	10000
  3588	155	9845	10000
  3589	155	9845	10000
  3590	155	9845	10000
  3591	155	9845	10000
  3592	155	9845	10000
  3593	155	9845	10000
  3594	155	9845	10000
  3595	155	9845	10000
  3596	155	9845	10000
  3597	155	9845	10000
  3598	155	9845	10000
  3599	155	9845	10000
  3600	155	9845	10000
  3601	155	9845	10000
  3602	155	9845	10000
  3603	155	9845	10000
  3604	155	9845	10000
  3605	155	9845	10000
  3606	155	9845	10000
  3607	155	9845	10000
  3608	155	9845	10000
  3609	155	9845	10000
  3610	155	9845	10000
  3611	155	9845	10000
  3612	155	9845	10000
  3613	155	9845	10000
  3614	155	9845	10000
  3615	155	9845	10000
  3616	155	9845	10000
  3617	155	9845	10000
  3618	155	9845	10000
  3619	155	9845	10000
  3620	155	9845	10000
  3621	155	9845	10000
  3622	155	9845	10000
  3623	155	9845	10000
  3624	155	9845	10000
  3625	155	9845	10000
  3626	155	9845	10000
  3627	155	9845	10000
  3628	155	9845	10000
  3629	155	9845	10000
  3630	155	9845	10000
  3631	155	9845	10000
  3632	155	9845	10000
  3633	155	9845	10000
  3634	155	9845	10000
  3635	155	9845	10000
  3636	155	9845	10000
  3637	155	9845	10000
  3638	155	9845	10000
  3639	155	9845	10000
  3640	155	9845	10000
  3641	155	9845	10000
  3642	155	9845	10000
  3643	155	9845	10000
  3644	155	9845	10000
  3645	155	9845	10000
  3646	155	9845	10000
  3647	155	9845	10000
  3648	155	9845	10000
  3649	155	9845	10000
  3650	155	9845	10000
  3651	155	9845	10000
  3652	155	9845	10000
  3653	155	9845	10000
  3654	155	9845	10000
  3655	155	9845	10000
  3656	155	9845	10000
  3657	155	9845	10000
  3658	155	9845	10000
  3659	155	9845	10000
  3660	155	9845	10000
  3661	155	9845	10000
  3662	155	9845	10000
  3663	155	9845	10000
  3664	155	9845	10000
  3665	155	9845	10000
  3666	155	9845	10000
  3667	155	9845	10000
  3668	155	9845	10000
  3669	155	9845	10000
  3670	155	9845	10000
  3671	155	9845	10000
  3672	155	9845	10000
  3673	155	9845	10000
  3674	155	9845	10000
  3675	155	9845	10000
  3676	155	9845	10000
  3677	155	9845	10000
  3678	155	9845	10000
  3679	155	9845	10000
  3680	155	9845	10000
  3681	155	9845	10000
  3682	155	9845	10000
  3683	155	9845	10000
  3684	155	9845	10000
  3685	155	9845	10000
  3686	155	9845	10000
  3687	155	9845	10000
  3688	155	9845	10000
  3689	155	9845	10000
  3690	155	9845	10000
  3691	155	9845	10000
  3692	155	9845	10000
  3693	155	9845	10000
  3694	155	9845	10000
  3695	155	9845	10000
  3696	155	9845	10000
  3697	155	9845	10000
  3698	155	9845	10000
  3699	155	9845	10000
  3700	155	9845	10000
  3701	155	9845	10000
  3702	155	9845	10000
  3703	155	9845	10000
  3704	155	9845	10000
  3705	155	9845	10000
  3706	155	9845	10000
  3707	155	9845	10000
  3708	155	9845	10000
  3709	155	9845	10000
  3710	155	9845	10000
  3711	155	9845	10000
  3712	155	9845	10000
  3713	155	9845	10000
  3714	155	9845	10000
  3715	155	9845	10000
  3716	155	9845	10000
  3717	155	9845	10000
  3718	155	9845	10000
  3719	155	9845	10000
  3720	155	9845	10000
  3721	155	9845	10000
  3722	155	9845	10000
  3723	155	9845	10000
  3724	155	9845	10000
  3725	155	9845	10000
  3726	155	9845	10000
  3727	155	9845	10000
  3728	155	9845	10000
  3729	155	9845	10000
  3730	155	9845	10000
  3731	155	9845	10000
  3732	155	9845	10000
  3733	155	9845	10000
  3734	155	9845	10000
  3735	155	9845	10000
  3736	155	9845	10000
  3737	155	9845	10000
  3738	155	9845	10000
  3739	155	9845	10000
  3740	155	9845	10000
  3741	155	9845	10000
  3742	155	9845	10000
  3743	155	9845	10000
  3744	155	9845	10000
  3745	155	9845	10000
  3746	155	9845	10000
  3747	155	9845	10000
  3748	155	9845	10000
  3749	155	9845	10000
  3750	155	9845	10000
  3751	155	9845	10000
  3752	155	9845	10000
  3753	155	9845	10000
  3754	155	9845	10000
  3755	155	9845	10000
  3756	155	9845	10000
  3757	155	9845	10000
  3758	155	9845	10000
  3759	155	9845	10000
  3760	155	9845	10000
  3761	155	9845	10000
  3762	155	9845	10000
  3763	155	9845	10000
  3764	155	9845	10000
  3765	155	9845	10000
  3766	155	9845	10000
  3767	155	9845	10000
  3768	155	9845	10000
  3769	155	9845	10000
  3770	155	9845	10000
  3771	155	9845	10000
  3772	155	9845	10000
  3773	155	9845	10000
  3774	155	9845	10000
  3775	155	9845	10000
  3776	155	9845	10000
  3777	155	9845	10000
  3778	155	9845	10000
  3779	155	9845	10000
  3780	155	9845	10000
  3781	155	9845	10000
  3782	155	9845	10000
  3783	155	9845	10000
  3784	155	9845	10000
  3785	155	9845	10000
  3786	155	9845	10000
  3787	155	9845	10000
  3788	155	9845	10000
  3789	155	9845	10000
  3790	155	9845	10000
  3791	155	9845	10000
  3792	155	9845	10000
  3793	155	9845	10000
  3794	155	9845	10000
  3795	155	9845	10000
  3796	155	9845	10000
  3797	155	9845	10000
  3798	155	9845	10000
  3799	155	9845	10000
  3800	155	9845	10000
  3801	155	9845	10000
  3802	155	9845	10000
  3803	155	9845	10000
  3804	155	9845	10000
  3805	155	9845	10000
  3806	155	9845	10000
  3807	155	9845	10000
  3808	155	9845	10000
  3809	155	9845	10000
  3810	155	9845	10000
  3811	155	9845	10000
  3812	155	9845	10000
  3813	155	9845	10000
  3814	155	9845	10000
  3815	155	9845	10000
  3816	155	9845	10000
  3817	155	9845	10000
  3818	155	9845	10000
  3819	155	9845	10000
  3820	155	9845	10000
  3821	155	9845	10000
  3822	155	9845	10000
  3823	155	9845	10000
  3824	155	9845	10000
  3825	155	9845	10000
  3826	155	9845	10000
  3827	155	9845	10000
  3828	155	9845	10000
  3829	155	9845	10000
  3830	155	9845	10000
  3831	155	9845	10000
  3832	155	9845	10000
  3833	155	9845	10000
  3834	155	9845	10000
  3835	155	9845	10000
  3836	155	9845	10000
  3837	155	9845	10000
  3838	155	9845	10000
  3839	155	9845	10000
  3840	155	9845	10000
  3841	155	9845	10000
  3842	155	9845	10000
  3843	155	9845	10000
  3844	155	9845	10000
  3845	155	9845	10000
  3846	155	9845	10000
  3847	155	9845	10000
  3848	155	9845	10000
  3849	155	9845	10000
  3850	155	9845	10000
  3851	155	9845	10000
  3852	155	9845	10000
  3853	155	9845	10000
  3854	155	9845	10000
  3855	155	9845	10000
  3856	155	9845	10000
  3857	155	9845	10000
  3858	155	9845	10000
  3859	155	9845	10000
  3860	155	9845	10000
  3861	155	9845	10000
  3862	155	9845	10000
  3863	155	9845	10000
  3864	155	9845	10000
  3865	155	9845	10000
  3866	155	9845	10000
  3867	155	9845	10000
  3868	155	9845	10000
  3869	155	9845	10000
  3870	155	9845	10000
  3871	155	9845	10000
  3872	155	9845	10000
  3873	155	9845	10000
  3874	155	9845	10000
  3875	155	9845	10000
  3876	155	9845	10000
  3877	155	9845	10000
  3878	155	9845	10000
  3879	155	9845	10000
  3880	155	9845	10000
  3881	155	9845	10000
  3882	155	9845	10000
  3883	155	9845	10000
  3884	155	9845	10000
  3885	155	9845	10000
  3886	155	9845	10000
  3887	155	9845	10000
  3888	155	9845	10000
  3889	155	9845	10000
  3890	155	9845	10000
  3891	155	9845	10000
  3892	155	9845	10000
  3893	155	9845	10000
  3894	155	9845	10000
  3895	155	9845	10000
  3896	155	9845	10000
  3897	155	9845	10000
  3898	155	9845	10000
  3899	155	9845	10000
  3900	155	9845	10000
  3901	155	9845	10000
  3902	155	9845	10000
  3903	155	9845	10000
  3904	155	9845	10000
  3905	155	9845	10000
  3906	155	9845	10000
  3907	155	9845	10000
  3908	155	9845	10000
  3909	155	9845	10000
  3910	155	9845	10000
  3911	155	9845	10000
  3912	155	9845	10000
  3913	155	9845	10000
  3914	155	9845	10000
  3915	155	9845	10000
  3916	155	9845	10000
  3917	155	9845	10000
  3918	155	9845	10000
  3919	155	9845	10000
  3920	155	9845	10000
  3921	155	9845	10000
  3922	155	9845	10000
  3923	155	9845	10000
  3924	155	9845	10000
  3925	155	9845	10000
  3926	155	9845	10000
  3927	155	9845	10000
  3928	155	9845	10000
  3929	155	9845	10000
  3930	155	9845	10000
  3931	155	9845	10000
  3932	155	9845	10000
  3933	155	9845	10000
  3934	155	9845	10000
  3935	155	9845	10000
  3936	155	9845	10000
  3937	155	9845	10000
  3938	155	9845	10000
  3939	155	9845	10000
  3940	155	9845	10000
  3941	155	9845	10000
  3942	155	9845	10000
  3943	155	9845	10000
  3944	155	9845	10000
  3945	155	9845	10000
  3946	155	9845	10000
  3947	155	9845	10000
  3948	155	9845	10000
  3949	155	9845	10000
  3950	155	9845	10000
  3951	155	9845	10000
  3952	155	9845	10000
  3953	155	9845	10000
  3954	155	9845	10000
  3955	155	9845	10000
  3956	155	9845	10000
  3957	155	9845	10000
  3958	155	9845	10000
  3959	155	9845	10000
  3960	155	9845	10000
  3961	155	9845	10000
  3962	155	9845	10000
  3963	155	9845	10000
  3964	155	9845	10000
  3965	155	9845	10000
  3966	155	9845	10000
  3967	155	9845	10000
  3968	155	9845	10000
  3969	155	9845	10000
  3970	155	9845	10000
  3971	155	9845	10000
  3972	155	9845	10000
  3973	155	9845	10000
  3974	155	9845	10000
  3975	155	9845	10000
  3976	155	9845	10000
  3977	155	9845	10000
  3978	155	9845	10000
  3979	155	9845	10000
  3980	155	9845	10000
  3981	155	9845	10000
  3982	155	9845	10000
  3983	155	9845	10000
  3984	155	9845	10000
  3985	155	9845	10000
  3986	155	9845	10000
  3987	155	9845	10000
  3988	155	9845	10000
  3989	155	9845	10000
  3990	155	9845	10000
  3991	155	9845	10000
  3992	155	9845	10000
  3993	155	9845	10000
  3994	155	9845	10000
  3995	155	9845	10000
  3996	155	9845	10000
  3997	155	9845	10000
  3998	155	9845	10000
  3999	155	9845	10000
  4000	155	9845	10000
  4001	155	9845	10000
  4002	155	9845	10000
  4003	155	9845	10000
  4004	155	9845	10000
  4005	155	9845	10000
  4006	155	9845	10000
  4007	155	9845	10000
  4008	155	9845	10000
  4009	155	9845	10000
  4010	155	9845	10000
  4011	155	9845	10000
  4012	155	9845	10000
  4013	155	9845	10000
  4014	155	9845	10000
  4015	155	9845	10000
  4016	155	9845	10000
  4017	155	9845	10000
  4018	155	9845	10000
  4019	155	9845	10000
  4020	155	9845	10000
  4021	155	9845	10000
  4022	155	9845	10000
  4023	155	9845	10000
  4024	155	9845	10000
  4025	155	9845	10000
  4026	155	9845	10000
  4027	155	9845	10000
  4028	155	9845	10000
  4029	155	9845	10000
  4030	155	9845	10000
  4031	155	9845	10000
  4032	155	9845	10000
  4033	155	9845	10000
  4034	155	9845	10000
  4035	155	9845	10000
  4036	155	9845	10000
  4037	155	9845	10000
  4038	155	9845	10000
  4039	155	9845	10000
  4040	155	9845	10000
  4041	155	9845	10000
  4042	155	9845	10000
  4043	155	9845	10000
  4044	155	9845	10000
  4045	155	9845	10000
  4046	155	9845	10000
  4047	155	9845	10000
  4048	155	9845	10000
  4049	155	9845	10000
  4050	155	9845	10000
  4051	155	9845	10000
  4052	155	9845	10000
  4053	155	9845	10000
  4054	155	9845	10000
  4055	155	9845	10000
  4056	155	9845	10000
  4057	155	9845	10000
  4058	155	9845	10000
  4059	155	9845	10000
  4060	155	9845	10000
  4061	155	9845	10000
  4062	155	9845	10000
  4063	155	9845	10000
  4064	155	9845	10000
  4065	155	9845	10000
  4066	155	9845	10000
  4067	155	9845	10000
  4068	155	9845	10000
  4069	155	9845	10000
  4070	155	9845	10000
  4071	155	9845	10000
  4072	155	9845	10000
  4073	155	9845	10000
  4074	155	9845	10000
  4075	155	9845	10000
  4076	155	9845	10000
  4077	155	9845	10000
  4078	155	9845	10000
  4079	155	9845	10000
  4080	155	9845	10000
  4081	155	9845	10000
  4082	155	9845	10000
  4083	155	9845	10000
  4084	155	9845	10000
  4085	155	9845	10000
  4086	155	9845	10000
  4087	155	9845	10000
  4088	155	9845	10000
  4089	155	9845	10000
  4090	155	9845	10000
  4091	155	9845	10000
  4092	155	9845	10000
  4093	155	9845	10000
  4094	155	9845	10000
  4095	155	9845	10000
  4096	155	9845	10000
  4097	155	9845	10000
  4098	155	9845	10000
  4099	155	9845	10000
  4100	155	9845	10000
  4101	155	9845	10000
  4102	155	9845	10000
  4103	155	9845	10000
  4104	155	9845	10000
  4105	155	9845	10000
  4106	155	9845	10000
  4107	155	9845	10000
  4108	155	9845	10000
  4109	155	9845	10000
  4110	155	9845	10000
  4111	155	9845	10000
  4112	155	9845	10000
  4113	155	9845	10000
  4114	155	9845	10000
  4115	155	9845	10000
  4116	155	9845	10000
  4117	155	9845	10000
  4118	155	9845	10000
  4119	155	9845	10000
  4120	155	9845	10000
  4121	155	9845	10000
  4122	155	9845	10000
  4123	155	9845	10000
  4124	155	9845	10000
  4125	155	9845	10000
  4126	155	9845	10000
  4127	155	9845	10000
  4128	155	9845	10000
  4129	155	9845	10000
  4130	155	9845	10000
  4131	155	9845	10000
  4132	155	9845	10000
  4133	155	9845	10000
  4134	155	9845	10000
  4135	155	9845	10000
  4136	155	9845	10000
  4137	155	9845	10000
  4138	155	9845	10000
  4139	155	9845	10000
  4140	155	9845	10000
  4141	155	9845	10000
  4142	155	9845	10000
  4143	155	9845	10000
  4144	155	9845	10000
  4145	155	9845	10000
  4146	155	9845	10000
  4147	155	9845	10000
  4148	155	9845	10000
  4149	155	9845	10000
  4150	155	9845	10000
  4151	155	9845	10000
  4152	155	9845	10000
  4153	155	9845	10000
  4154	155	9845	10000
  4155	155	9845	10000
  4156	155	9845	10000
  4157	155	9845	10000
  4158	155	9845	10000
  4159	155	9845	10000
  4160	155	9845	10000
  4161	155	9845	10000
  4162	155	9845	10000
  4163	155	9845	10000
  4164	155	9845	10000
  4165	155	9845	10000
  4166	155	9845	10000
  4167	155	9845	10000
  4168	155	9845	10000
  4169	155	9845	10000
  4170	155	9845	10000
  4171	155	9845	10000
  4172	155	9845	10000
  4173	155	9845	10000
  4174	155	9845	10000
  4175	155	9845	10000
  4176	155	9845	10000
  4177	155	9845	10000
  4178	155	9845	10000
  4179	155	9845	10000
  4180	155	9845	10000
  4181	155	9845	10000
  4182	155	9845	10000
  4183	155	9845	10000
  4184	155	9845	10000
  4185	155	9845	10000
  4186	155	9845	10000
  4187	155	9845	10000
  4188	155	9845	10000
  4189	155	9845	10000
  4190	155	9845	10000
  4191	155	9845	10000
  4192	155	9845	10000
  4193	155	9845	10000
  4194	155	9845	10000
  4195	155	9845	10000
  4196	155	9845	10000
  4197	155	9845	10000
  4198	155	9845	10000
  4199	155	9845	10000
  4200	155	9845	10000
  4201	155	9845	10000
  4202	155	9845	10000
  4203	155	9845	10000
  4204	155	9845	10000
  4205	155	9845	10000
  4206	155	9845	10000
  4207	155	9845	10000
  4208	155	9845	10000
  4209	155	9845	10000
  4210	155	9845	10000
  4211	155	9845	10000
  4212	155	9845	10000
  4213	155	9845	10000
  4214	155	9845	10000
  4215	155	9845	10000
  4216	155	9845	10000
  4217	155	9845	10000
  4218	155	9845	10000
  4219	155	9845	10000
  4220	155	9845	10000
  4221	155	9845	10000
  4222	155	9845	10000
  4223	155	9845	10000
  4224	155	9845	10000
  4225	155	9845	10000
  4226	155	9845	10000
  4227	155	9845	10000
  4228	155	9845	10000
  4229	155	9845	10000
  4230	155	9845	10000
  4231	155	9845	10000
  4232	155	9845	10000
  4233	155	9845	10000
  4234	155	9845	10000
  4235	155	9845	10000
  4236	155	9845	10000
  4237	155	9845	10000
  4238	155	9845	10000
  4239	155	9845	10000
  4240	155	9845	10000
  4241	155	9845	10000
  4242	155	9845	10000
  4243	155	9845	10000
  4244	155	9845	10000
  4245	155	9845	10000
  4246	155	9845	10000
  4247	155	9845	10000
  4248	155	9845	10000
  4249	155	9845	10000
  4250	155	9845	10000
  4251	155	9845	10000
  4252	155	9845	10000
  4253	155	9845	10000
  4254	155	9845	10000
  4255	155	9845	10000
  4256	155	9845	10000
  4257	155	9845	10000
  4258	155	9845	10000
  4259	155	9845	10000
  4260	155	9845	10000
  4261	155	9845	10000
  4262	155	9845	10000
  4263	155	9845	10000
  4264	155	9845	10000
  4265	155	9845	10000
  4266	155	9845	10000
  4267	155	9845	10000
  4268	155	9845	10000
  4269	155	9845	10000
  4270	155	9845	10000
  4271	155	9845	10000
  4272	155	9845	10000
  4273	155	9845	10000
  4274	155	9845	10000
  4275	155	9845	10000
  4276	155	9845	10000
  4277	155	9845	10000
  4278	155	9845	10000
  4279	155	9845	10000
  4280	155	9845	10000
  4281	155	9845	10000
  4282	155	9845	10000
  4283	155	