start
1896	0	0.00
6070	0	0.00
10904	0	0.00
15763	0	0.00
21121	0	35>> rol linear 2000
Invalid Command!
65586	0	0.00
65637	0	0.00
65665	0	0.00
65685	0	0.00
65705	0	0.00
65725	0	0.00
65745	0	0.00
65765	0	0.00
65785	0	0.00
65805	0	0.00
65825	0	0.00
65845	0	0.00
65865	0	0.00
65885	0	0.00
65905	0	0.00
65925	0	0.00
65945	0	0.00
65965	0	0.00
65985	0	0.00
66005	0	0.00
66025	0	0.00
66045	0	0.00
66065	0	0.00
66085	0	0.00
66105	0	0.00
66125	0	0.00
66145	0	0.00
66165	0	0.00
66185	0	0.00
66205	0	0.00
66225	0	0.00
66245	0	0.00
66265	0	0.00
66285	0	0.00
66305	0	0.00
66325	0	0.00
66345	0	0.00
66365	0	0.00
66385	0	0.00
66405	0	0.00
66425	0	0.00
66445	0	0.00
66465	0	0.00
66485	0	0.00
66505	0	0.00
66525	0	0.00
66545	0	0.00
66565	0	0.00
66585	0	0.00
66605	0	0.00
66625	0	0.00
66645	0	0.00
66665	0	0.00
66685	0	0.00
66705	0	0.00
66725	0	0.00
66745	0	0.00
66765	0	0.00
66785	0	0.00
66805	0	0.00
66825	0	0.00
66845	0	0.00
66865	0	0.00
66885	0	0.00
66905	0	0.00
66925	0	0.00
66945	0	0.00
66965	0	0.00
66985	0	0.00
67005	0	0.00
67025	0	0.00
67045	0	0.00
67065	0	0.00
67085	0	0.00
67105	0	0.00
67125	0	0.00
67145	0	0.00
67165	0	0.00
67185	0	0.00
67205	0	0.00
67225	0	0.00
67245	0	0.00
67265	0	0.00
67285	0	0.00
67305	0	0.00
67325	0	0.00
67345	0	0.00
67365	0	0.00
67385	0	0.00
67405	0	0.00
67425	0	0.00
67445	0	0.00
67465	0	0.00
67485	0	0.00
67505	0	0.00
67525	0	0.00
67545	0	0.00
67565	0	0.00
67585	0	0.00
67605	0	0.00
67625	0	0.00
67645	0	0.00
67665	0	0.00
67685	0	0.00
67705	0	0.00
>> control linear 2000
67740	0	0.00
67760	2	0.50
67780	2	1.41
67800	2	2.20
67820	2	2.05
67840	2	1.50
67860	2	1.60
67880	2	2.10
67900	2	1.95
67920	2	1.80
67940	2	1.85
67960	2	1.95
67980	2	1.90
68000	2	1.80
68020	2	1.85
68040	2	1.90
68060	2	1.90
68080	2	1.85
68100	2	1.90
68120	2	1.90
68140	2	1.85
68160	2	1.85
68180	2	1.90
68200	2	1.90
68220	2	1.85
68240	2	1.90
68260	2	1.90
68280	2	1.85
68300	2	1.90
68320	2	1.90
68340	2	1.90
68360	2	1.85
68380	2	1.90
68400	2	1.95
68420	2	1.85
68440	2	1.90
68460	2	1.95
68480	2	1.90
68500	2	1.80
68520	2	1.85
68540	2	2.00
68560	2	1.90
68580	2	1.85
68600	2	1.90
68620	2	1.90
68640	2	1.90
68660	2	1.95
68680	2	1.85
68700	2	1.90
68720	2	1.95
68740	2	1.90
68760	1	1.65
68780	1	1.10
68800	1	0.90
68820	1	0.80
68840	1	0.65
68860	0	0.45
68880	0	0.40
68900	0	0.35
68920	0	0.35
68940	0	0.25
68960	0	0.05
68980	0	0.10
69000	0	0.20
69020	0	0.10
69040	0	0.00
69060	0	0.15
69080	0	0.05
69100	0	0.00
69120	0	0.05
69140	0	0.05
69160	0	0.10
69180	0	-0.05
69200	0	0.05
69220	-0	0.11
69240	0	-0.05
69260	-0	0.05
69280	-0	0.05
69300	-0	0.00
69320	-0	0.00
69340	-0	0.00
69360	-0	0.00
69380	-0	0.00
69400	-0	0.00
69420	-0	0.00
69440	-0	0.00
69460	-0	0.00
69480	-0	0.00
69500	-0	0.00
69520	-0	0.00
69540	-0	0.00
69560	-0	0.00
69580	-0	0.00
69600	-0	0.00
69620	-0	0.00
69640	-0	0.00
69660	-0	0.00
69680	-0	0.00
69700	-0	0.00
69720	-0	0.00
69740	-0	0.00
69760	-0	0.00
69780	-0	0.00
69800	-0	0.00
69820	-0	0.00
69840	-0	0.00
69860	-0	0.00
69880	-0	0.00
69900	-0	0.00
69920	-0	0.00
69940	-0	0.00
69960	-0	0.00
69980	-0	0.00
70000	-0	0.00
70020	-0	0.00
70040	-0	0.00
70060	-0	0.00
70080	-0	0.00
70100	-0	0.00
70120	-0	0.00
70140	-0	0.00
70160	-0	0.00
70180	-0	0.00
70200	-0	0.00
70220	0	0.00
70240	0	0.00
70260	0	0.00
70280	0	0.00
70300	0	0.00
70320	0	0.00
70340	0	0.00
70360	0	0.00
70380	0	0.00
70400	0	0.00
70420	0	0.00
70440	0	0.00
70460	0	0.00
70480	0	0.00
70500	0	0.00
70520	0	0.00
70540	0	0.00
70560	0	0.00
70580	0	0.00
70600	0	0.00
70620	0	0.00
70640	0	0.00
70660	0	0.00
70680	0	0.00
70700	0	0.00
70720	0	0.00
70740	0	0.00
70760	0	0.00
70780	0	0.00
70800	0	0.00
70820	0	0.00
70840	0	0.00
70860	0	0.00
70880	0	0.00
70900	0	0.00
70920	0	0.00
70940	0	0.00
70960	0	0.00
70980	0	0.00
71000	0	0.00
71020	0	0.00
71040	0	0.00
71060	0	0.00
71080	0	0.00
71100	0	0.00
71120	0	0.00
71140	0	0.00
71160	0	0.00
71180	0	0.00
71200	0	0.00
71220	0	0.00
71240	0	0.00
71260	0	0.00
71280	0	0.00
71300	0	0.00
71320	0	0.00
71340	0	0.00
71360	0	0.00
71380	0	0.00
71400	0	0.00
71420	0	0.00
71440	0	0.00
71460	0	0.00
71480	0	0.00
71500	0	0.00
71520	0	0.00
71540	0	0.00
71560	0	0.00
71580	0	0.00
71600	0	0.00
71620	0	0.00
71640	0	0.00
71660	0	0.00
71680	0	0.00
71700	0	0.00
71720	0	0.00
71740	0	0.00
71760	0	0.00
71780	0	0.00
71800	0	0.00
71820	0	0.00
71840	0	0.00
71860	0	0.00
71880	0	0.00
71900	0	0.00
71920	0	0.00
71940	0	0.00
71960	0	0.00
71980	0	0.00
72000	0	0.00
72020	0	0.00
72040	0	0.00
72060	0	0.00
72080	0	0.00
72100	0	0.00
72120	0	0.00
72140	0	0.00
72160	0	0.00
72180	0	0.00
72200	0	0.00
72220	0	0.00
72240	0	0.00
72260	0	0.00
72280	0	0.00
72300	0	0.00
72320	0	0.00
72340	0	0.00
72360	0	0.00
72380	0	0.00
72400	0	0.00
72420	0	0.00
72440	0	0.00
72460	0	0.00
72480	0	0.00
72500	0	0.00
72520	0	0.00
72540	0	0.00
72560	0	0.00
72580	0	0.00
72600	0	0.00
72620	0	0.00
72640	0	0.00
72660	0	0.00
72680	0	0.00
72700	0	0.00
72720	0	0.00
72740	0	0.00
72760	0	0.00
72780	0	0.00
72800	0	0.00
72820	0	0.00
72840	0	0.00
72860	0	0.00
72880	0	0.00
72900	0	0.00
72920	0	0.00
72940	0	0.00
72960	0	0.00
72980	0	0.00
73000	0	0.00
73020	0	0.00
73040	0	0.00
73060	0	0.00
73080	0	0.00
73100	0	0.00
73120	0	0.00
73140	0	0.00
73160	0	0.00
73180	0	0.00
73200	0	0.00
73220	0	0.00
73240	0	0.00
73260	0	0.00
73280	0	0.00
73300	0	0.00
73320	0	0.00
73340	0	0.00
73360	0	0.00
73380	0	0.00
73400	0	0.00
73420	0	0.00
73440	0	0.00
73460	0	0.00
73480	0	0.00
73500	0	0.00
73520	0	0.00
73540	0	0.00
73560	0	0.00
73580	0	0.00
73600	0	0.00
73620	0	0.00
73640	0	0.00
73660	0	0.00
73680	0	0.00
73700	0	0.00
73720	0	0.00
73740	0	0.00
73760	0	0.00
73780	0	0.00
73800	0	0.00
73820	0	0.00
73840	0	0.00
73860	0	0.00
73880	0	0.00
73900	0	0.00
73920	0	0.00
73940	0	0.00
73960	0	0.00
73980	0	0.00
74000	0	0.00
74020	0	0.00
74040	0	0.00
74060	0	0.00
74080	0	0.00
74100	0	0.00
74120	0	0.00
74140	0	0.00
74160	0	0.00
74180	0	0.00
74200	0	0.00
74220	0	0.00
74240	0	0.00
74260	0	0.00
74280	0	0.00
74300	0	0.00
74320	0	0.00
74340	0	0.00
74360	0	0.00
74380	0	0.00
74400	0	0.00
74420	0	0.00
74440	0	0.00
74460	0	0.00
74480	0	0.00
74500	0	0.00
74520	0	0.00
74540	0	0.00
74560	0	0.00
74580	0	0.00
74600	0	0.00
74620	0	0.00
74640	0	0.00
74660	0	0.00
74680	0	0.00
74700	0	0.00
74720	0	0.00
74740	0	0.00
74760	0	0.00
74780	0	0.00
74800	0	0.00
74820	0	0.00
74840	0	0.00
74860	0	0.00
74880	0	0.00
74900	0	0.00
74920	0	0.00
74940	0	0.00
74960	0	0.00
74980	0	0.00
75000	0	0.00
75020	0	0.00
75040	0	0.00
75060	0	0.00
75080	0	0.00
75100	0	0.00
75120	0	0.00
75140	0	0.00
75160	0	0.00
75180	0	0.00
75200	0	0.00
75220	0	0.00
75240	0	0.00
75260	0	0.00
75280	0	0.00
75300	0	0.00
75320	0	0.00
75340	0	0.00
75360	0	0.00
75380	0	0.00
75400	0	0.00
75420	0	0.00
75440	0	0.00
75460	0	0.00
75480	0	0.00
75500	0	0.00
75520	0	0.00
75540	0	0.00
75560	0	0.00
75580	0	0.00
75600	0	0.00
75620	0	0.00
75640	0	0.00
75660	0	0.00
75680	0	0.00
75700	0	0.00
75720	0	0.00
75740	0	0.00
75760	0	0.00
75780	0	0.00
75800	0	0.00
75820	0	0.00
75840	0	0.00
75860	0	0.00
75880	0	0.00
75900	0	0.00
75920	0	0.00
75940	0	0.00
75960	0	0.00
75980	0	0.00
76000	0	0.00
76020	0	0.00
76040	0	0.00
76060	0	0.00
76080	0	0.00
76100	0	0.00
76120	0	0.00
76140	0	0.00
76160	0	0.00
76180	0	0.00
76200	0	0.00
76220	0	0.00
76240	0	0.00
76260	0	0.00
76280	0	0.00
76300	0	0.00
76320	0	0.00
76340	0	0.00
76360	0	0.00
76380	0	0.00
76400	0	0.00
76420	0	0.00
76440	0	0.00
76460	0	0.00
76480	0	0.00
76500	0	0.00
76520	0	0.00
76540	0	0.00
76560	0	0.00
76580	0	0.00
76600	0	0.00
76620	0	0.00
76640	0	0.00
76660	0	0.00
76680	0	0.00
76700	0	0.00
76720	0	0.00
76740	0	0.00
76760	0	0.00
76780	0	0.00
76800	0	0.00
76820	0	0.00
76840	0	0.00
76860	0	0.00
76880	0	0.00
76900	0	0.00
76920	0	0.00
76940	0	0.00
76960	0	0.00
76980	0	0.00
77000	0	0.00
77020	0	0.00
77040	0	0.00
77060	0	0.00
77080	0	0.00
77100	0	0.00
77120	0	0.00
77140	0	0.00
77160	0	0.00
77180	0	0.00
77200	0	0.00
77220	0	0.00
77240	0	0.00
77260	0	0.00
77280	0	0.00
77300	0	0.00
77320	0	0.00
77340	0	0.00
77360	0	0.00
77380	0	0.00
77400	0	0.00
77420	0	0.00
77440	0	0.00
77460	0	0.00
77480	0	0.00
77500	0	0.00
77520	0	0.00
77540	0	0.00
77560	0	0.00
77580	0	0.00
77600	0	0.00
77620	0	0.00
77640	0	0.00
77660	0	0.00
77680	0	0.00
77700	0	0.00
77720	0	0.00
77740	0	0.00
77760	0	0.00
77780	0	0.00
77800	0	0.00
77820	0	0.00
77840	0	0.00
77860	0	0.00
77880	0	0.00
77900	0	0.00
77920	0	0.00
77940	0	0.00
77960	0	0.00
77980	0	0.00
78000	0	0.00
78020	0	0.00
78040	0	0.00
78060	0	0.00
78080	0	0.00
78100	0	0.00
78120	0	0.00
78140	0	0.00
78160	0	0.00
78180	0	0.00
78200	0	0.00
78220	0	0.00
78240	0	0.00
78260	0	0.00
78280	0	0.00
78300	0	0.00
78320	0	0.00
78340	0	0.00
78360	0	0.00
78380	0	0.00
78400	0	0.00
78420	0	0.00
78440	0	0.00
78460	0	0.00
78480	0	0.00
78500	0	0.00
78520	0	0.00
78540	0	0.00
78560	0	0.00
78580	0	0.00
78600	0	0.00
78620	0	0.00
78640	0	0.00
78660	0	0.00
78680	0	0.00
78700	0	0.00
78720	0	0.00
78740	0	0.00
78760	0	0.00
78780	0	0.00
78800	0	0.00
78820	0	0.00
78840	0	0.00
78860	0	0.00
78880	0	0.00
78900	0	0.00
78920	0	0.00
78940	0	0.00
78960	0	0.00
78980	0	0.00
79000	0	0.00
79020	0	0.00
79040	0	0.00
79060	0	0.00
79080	0	0.00
79100	0	0.00
79120	0	0.00
79140	0	0.00
79160	0	0.00
79180	0	0.00
79200	0	0.00
79220	0	0.00
79240	0	0.00
79260	0	0.00
79280	0	0.00
79300	0	0.00
79320	0	0.00
79340	0	0.00
79360	0	0.00
79380	0	0.00
79400	0	0.00
79420	0	0.00
79440	0	0.00
79460	0	0.00
79480	0	0.00
79500	0	0.00
79520	0	0.00
79540	0	0.00
79560	0	0.00
79580	0	0.00
79600	0	0.00
79620	0	0.00
79640	0	0.00
79660	0	0.00
79680	0	0.00
79700	0	0.00
79720	0	0.00
79740	0	0.00
79760	0	0.00
79780	0	0.00
79800	0	0.00
79820	0	0.00
79840	0	0.00
79860	0	0.00
79880	0	0.00
79900	0	0.00
79920	0	0.00
79940	0	0.00
79960	0	0.00
79980	0	0.00
80000	0	0.00
80020	0	0.00
80040	0	0.00
80060	0	0.00
80080	0	0.00
80100	0	0.00
>> control bot config left_p 1000
80153	0	0.00
80173	0	0.00
80193	0	0.00
80213	0	0.00
80233	0	0.00
80253	0	0.00
80273	0	0.00
80293	0	0.00
80313	0	0.00
80333	0	0.00
80353	0	0.00
80373	0	0.00
80393	0	0.00
80413	0	0.00
80433	0	0.00
80453	0	0.00
80473	0	0.00
80493	0	0.00
80513	0	0.00
80533	0	0.00
80553	0	0.00
80573	0	0.00
80593	0	0.00
80613	0	0.00
80633	0	0.00
80653	0	0.00
80673	0	0.00
80693	0	0.00
80713	0	0.00
80733	0	0.00
80753	0	0.00
80773	0	0.00
80793	0	0.00
80813	0	0.00
80833	0	0.00
>> control bot config right_p 1000
80881	0	0.00
80901	0	0.00
80921	0	0.00
80941	0	0.00
80961	0	0.00
80981	0	0.00
81001	0	0.00
81021	0	0.00
81041	0	0.00
81061	0	0.00
81081	0	0.00
81101	0	0.00
81121	0	0.00
81141	0	0.00
81161	0	0.00
81181	0	0.00
81201	0	0.00
81221	0	0.00
81241	0	0.00
81261	0	0.00
81281	0	0.00
81301	0	0.00
81321	0	0.00
81341	0	0.00
81361	0	0.00
81381	0	0.00
81401	0	0.00
81421	0	0.00
81441	0	0.00
81461	0	0.00
81481	0	0.00
81501	0	0.00
81521	0	0.00
81541	0	0.00
81561	0	0.00
81581	0	0.00
81601	0	0.00
81621	0	0.00
81641	0	0.00
81661	0	0.00
81681	0	0.00
81701	0	0.00
81721	0	0.00
81741	0	0.00
81761	0	0.00
81781	0	0.00
81801	0	0.00
81821	0	0.00
81841	0	0.00
81861	0	0.00
81881	0	0.00
81901	0	0.00
81921	0	0.00
81941	0	0.00
81961	0	0.00
81981	0	0.00
82001	0	0.00
82021	0	0.00
>> control linear 2000
82056	2	0.00
82076	2	0.57
82096	2	0.82
82116	2	1.00
82136	2	1.10
82156	2	1.25
82176	2	1.35
82196	2	1.45
82216	2	1.50
82236	2	1.55
82256	2	1.55
82276	2	1.60
82296	2	1.60
82316	2	1.55
82336	2	1.65
82356	2	1.65
82376	2	1.70
82396	2	1.70
82416	2	1.70
82436	2	1.75
82456	2	1.70
82476	2	1.75
82496	2	1.80
82516	2	1.75
82536	2	1.80
82556	2	1.80
82576	2	1.75
82596	2	1.70
82616	2	1.75
82636	2	1.70
82656	2	1.80
82676	2	1.80
82696	2	1.75
82716	2	1.80
82736	2	1.80
82756	2	1.80
82776	2	1.85
82796	2	1.85
82816	2	1.85
82836	2	1.85
82856	2	1.85
82876	2	1.95
82896	2	1.90
82916	2	1.90
82936	2	1.90
82956	2	1.90
82976	2	1.90
82996	2	1.95
83016	2	1.90
83036	2	1.95
83056	2	1.95
83076	2	1.90
83096	2	1.90
83116	2	2.00
83136	2	1.90
83156	1	1.90
83176	1	1.85
83196	1	1.65
83216	0	1.45
83236	0	1.25
83256	-0	0.95
83276	-0	0.71
83296	-0	0.55
83316	-0	0.30
83336	-0	0.15
83356	-0	0.00
83376	-0	0.00
83396	-0	-0.05
83416	-0	-0.05
83436	-0	0.00
83456	-0	0.00
83476	-0	0.00
83496	-0	0.00
83516	-0	0.00
83536	-0	0.00
83556	-0	0.00
83576	-0	0.00
83596	-0	0.00
83616	-0	0.00
83636	-0	0.00
83656	-0	0.00
83676	-0	-0.05
83696	-0	-0.14
83716	-0	-0.10
83736	-0	-0.10
83756	-0	-0.15
83776	-0	-0.10
83796	-0	-0.10
83816	-0	-0.15
83836	-0	-0.10
83856	-0	-0.05
83876	-0	-0.10
83896	-0	-0.05
83916	-0	-0.10
83936	-0	-0.05
83956	-0	-0.05
83976	-0	0.00
83996	-0	0.00
84016	-0	0.00
84036	-0	0.00
84056	-0	0.00
84076	-0	0.00
84096	-0	0.00
84116	-0	0.00
84136	-0	0.00
84156	-0	0.00
84176	-0	0.00
84196	-0	0.00
84216	-0	0.00
84236	-0	0.00
84256	-0	0.00
84276	-0	0.00
84296	-0	-0.05
84316	-0	0.00
84336	-0	0.00
84356	-0	0.00
84376	-0	0.00
84396	-0	0.00
84416	-0	0.00
84436	-0	-0.05
84456	-0	-0.05
84476	-0	-0.05
84496	-0	0.00
84516	-0	-0.11
84536	-0	-0.05
84556	-0	-0.05
84576	-0	0.00
84596	-0	-0.05
84616	-0	-0.05
84636	-0	-0.05
84656	-0	0.00
84676	-0	0.00
84696	-0	0.00
84716	-0	-0.05
84736	-0	0.00
84756	-0	0.00
84776	-0	-0.05
84796	-0	0.00
84816	-0	0.00
84836	-0	-0.05
84856	0	-0.10
84876	0	0.00
84896	0	0.00
84916	0	-0.05
84936	0	0.00
84956	0	0.00
84976	0	0.00
84996	0	0.00
85016	0	-0.10
85036	0	-0.05
85056	0	0.00
85076	0	0.00
85096	0	-0.05
85116	0	-0.05
85136	0	-0.05
85156	0	0.00
85176	0	0.00
85196	0	0.00
85216	0	0.00
85236	0	0.00
85256	0	0.00
85276	0	0.00
85296	0	0.00
85316	0	0.00
85336	0	0.00
85356	0	0.00
85376	0	0.00
85396	0	0.00
85416	0	0.00
85436	0	0.00
85456	0	0.00
85476	0	0.00
85496	0	0.00
85516	0	0.00
85536	0	0.00
85556	0	0.00
85576	0	0.00
85596	0	0.00
85616	0	0.00
85636	0	0.00
85656	0	0.00
85676	0	0.00
85696	0	0.00
85716	0	0.00
85736	0	0.00
85756	0	0.00
85776	0	0.00
85796	0	0.00
85816	0	0.00
85836	0	0.00
85856	0	0.00
85876	0	0.00
85896	0	0.00
85916	0	0.00
85936	0	0.00
85956	0	0.00
85976	0	0.00
85996	0	0.00
86016	0	0.00
86036	0	0.00
86056	0	0.00
86076	0	0.00
86096	0	0.00
86116	0	0.00
86136	0	0.00
86156	0	0.00
86176	0	0.00
86196	0	0.00
86216	0	0.00
86236	0	0.00
86256	0	0.00
86276	0	0.00
86296	0	0.00
86316	0	0.00
86336	0	0.00
86356	0	0.00
86376	0	0.00
86396	0	0.00
86416	0	0.00
86436	0	0.00
86456	0	0.00
86476	0	0.00
86496	0	0.00
86516	0	0.00
86536	0	0.00
86556	0	0.00
86576	0	0.00
86596	0	0.00
86616	0	0.00
86636	0	0.00
86656	0	0.00
86676	0	0.00
86696	0	0.00
86716	0	0.00
86736	0	0.00
86756	0	0.00
86776	0	0.00
86796	0	0.00
86816	0	0.00
86836	0	0.00
86856	0	0.00
86876	0	0.00
86896	0	0.00
86916	0	0.00
86936	0	0.00
86956	0	0.00
86976	0	0.00
86996	0	0.00
87016	0	0.00
87036	0	0.00
87056	0	0.00
87076	0	0.00
87096	0	0.00
87116	0	0.00
87136	0	0.00
87156	0	0.00
87176	0	0.00
87196	0	0.00
87216	0	0.00
87236	0	0.00
87256	0	0.00
87276	0	0.00
87296	0	0.00
87316	0	0.00
87336	0	0.00
87356	0	0.00
87376	0	0.00
87396	0	0.00
87416	0	0.00
87436	0	0.00
87456	0	0.00
87476	0	0.00
87496	0	0.00
87516	0	0.00
87536	0	0.00
87556	0	0.00
87576	0	0.00
87596	0	0.00
87616	0	0.00
87636	0	0.00
87656	0	0.00
87676	0	0.00
87696	0	0.00
87716	0	0.00
87736	0	0.00
87756	0	0.00
87776	0	0.00
87796	0	0.00
87816	0	0.00
87836	0	0.00
87856	0	0.00
87876	0	0.00
87896	0	0.00
87916	0	0.00
87936	0	0.00
87956	0	0.00
87976	0	0.00
87996	0	0.00
88016	0	0.00
88036	0	0.00
88056	0	0.00
88076	0	0.00
88096	0	0.00
88116	0	0.00
88136	0	0.00
88156	0	0.00
88176	0	0.00
88196	0	0.00
88216	0	0.00
88236	0	0.00
88256	0	0.00
88276	0	0.00
88296	0	0.00
88316	0	0.00
88336	0	0.00
88356	0	0.00
88376	0	0.00
88396	0	0.00
88416	0	0.00
88436	0	0.00
88456	0	0.00
88476	0	0.00
88496	0	0.00
88516	0	0.00
88536	0	0.00
88556	0	0.00
88576	0	0.00
88596	0	0.00
88616	0	0.00
88636	0	0.00
88656	0	0.00
88676	0	0.00
88696	0	0.00
88716	0	0.00
88736	0	0.00
88756	0	0.00
88776	0	0.00
88796	0	0.00
88816	0	0.00
88836	0	0.00
88856	0	0.00
88876	0	0.00
88896	0	0.00
88916	0	0.00
88936	0	0.00
88956	0	0.00
88976	0	0.00
88996	0	0.00
89016	0	0.00
89036	0	0.00
89056	0	0.00
89076	0	0.00
89096	0	0.00
89116	0	0.00
89136	0	0.00
89156	0	0.00
89176	0	0.00
89196	0	0.00
89216	0	0.00
89236	0	0.00
89256	0	0.00
89276	0	0.00
89296	0	0.00
89316	0	0.05
89336	0	0.00
89356	0	0.00
89376	0	0.00
89396	0	0.00
89416	0	0.00
89436	0	0.00
89456	0	0.00
89476	0	0.00
89496	0	0.00
89516	0	0.00
89536	0	0.00
89556	0	0.00
89576	0	0.00
89596	0	0.00
89616	0	0.00
89636	0	0.00
89656	0	0.00
89676	0	0.00
89696	0	0.00
89716	0	0.00
89736	0	0.00
89756	0	0.00
89776	0	0.00
89796	0	0.00
89816	0	0.00
89836	0	0.00
89856	0	0.00
89876	0	0.00
89896	0	0.00
89916	0	0.00
89936	0	0.00
89956	0	0.00
89976	0	0.00
89996	0	0.00
90016	0	0.00
90036	0	0.00
90056	0	0.00
90076	0	0.00
90096	0	0.00
90116	0	0.00
90136	0	0.00
90156	0	0.00
90176	0	0.00
90196	0	0.00
90216	0	0.05
90236	0	0.10
90256	0	0.15
90276	-0	0.10
90296	-0	0.14
90316	-0	0.10
90336	-0	0.10
90356	-0	0.10
90376	-0	0.10
90396	-0	0.05
90416	-0	-0.05
90436	-0	0.00
90456	-0	0.00
90476	-0	0.00
90496	-0	0.00
90516	-0	0.00
90536	-0	0.00
90556	-0	0.00
90576	-0	0.00
90596	-0	0.00
90616	-0	0.00
90636	-0	0.00
90656	-0	0.00
90676	-0	0.00
90696	-0	0.00
90716	-0	0.00
90736	-0	0.00
90756	-0	0.00
90776	-0	0.00
90796	-0	0.00
90816	-0	0.00
90836	-0	0.00
90856	-0	0.00
90876	-0	0.00
90896	-0	0.00
90916	-0	0.00
90936	-0	0.00
90956	-0	0.00
90976	-0	0.00
90996	-0	0.00
91016	-0	0.00
91036	-0	0.00
91056	-0	0.00
91076	-0	0.00
91096	-0	0.00
91116	-0	0.00
91136	-0	0.00
91156	-0	0.00
91176	-0	0.00
91196	-0	0.00
91216	-0	0.00
91236	-0	0.00
91256	-0	0.00
91276	-0	0.00
91296	-0	0.00
91316	-0	0.00
91336	-0	0.00
91356	-0	0.00
91376	-0	0.00
91396	-0	0.00
91416	-0	0.00
>> control bot config left_p 2000
91464	-0	0.00
91484	-0	0.00
91504	-0	0.00
91524	-0	0.00
91544	-0	0.00
91564	-0	0.00
91584	-0	0.00
91604	-0	0.00
91624	-0	0.00
91644	-0	0.00
91664	-0	0.00
91684	-0	0.00
91704	-0	0.00
91724	-0	0.00
91744	-0	0.00
91764	-0	0.00
91784	-0	0.00
91804	-0	0.00
91824	-0	0.00
91844	-0	0.00
91864	-0	0.00
91884	-0	0.00
91904	-0	0.00
91924	-0	0.00
91944	-0	0.00
91964	-0	0.00
91984	-0	0.00
92004	-0	0.00
92024	-0	0.00
92044	-0	0.00
92064	-0	0.00
92084	-0	0.00
92104	-0	0.00
92124	-0	0.00
92144	-0	0.00
92164	-0	0.00
92184	-0	0.00
92204	-0	0.00
92224	-0	0.00
92244	-0	-0.05
92264	-0	0.00
92284	-0	0.00
92304	-0	0.00
92324	-0	0.00
92344	-0	0.00
92364	-0	0.00
92384	-0	0.00
92404	-0	0.00
92424	-0	0.00
92444	-0	0.00
92464	-0	0.00
92484	-0	0.00
92504	-0	0.00
92524	-0	0.00
92544	-0	0.00
92564	-0	0.00
92584	-0	0.00
92604	-0	0.00
92624	-0	0.00
92644	-0	0.00
92664	-0	0.00
92684	-0	0.00
92704	-0	0.00
92724	-0	0.00
92744	-0	0.00
92764	-0	0.00
92784	-0	0.00
92804	-0	0.00
92824	-0	0.00
92844	-0	0.00
92864	-0	0.00
92884	-0	0.00
92904	-0	0.00
92924	-0	0.00
92944	-0	0.00
92964	-0	0.00
92984	-0	0.00
93004	-0	0.00
93024	-0	0.00
93044	-0	0.00
93064	-0	0.00
93084	-0	0.00
93104	-0	0.00
93124	-0	0.00
93144	-0	0.00
93164	-0	0.00
93184	-0	0.00
93204	-0	0.00
93224	-0	0.00
93244	-0	0.00
93264	-0	0.00
93284	-0	0.00
93304	-0	0.00
93324	-0	0.00
93344	-0	0.00
93364	-0	0.00
93384	-0	0.00
93404	-0	0.00
93424	-0	0.00
93444	-0	0.00
93464	-0	0.00
93484	-0	-0.05
93504	-0	-0.14
93524	-0	0.00
93544	-0	-0.05
93564	-0	-0.10
93584	-0	0.00
93604	-0	0.00
93624	-0	0.00
93644	-0	0.00
93664	-0	0.00
93684	-0	0.00
93704	-0	0.00
93724	-0	0.00
93744	-0	0.00
93764	-0	0.00
93784	-0	0.00
93804	-0	0.00
93824	-0	0.00
93844	-0	0.00
93864	-0	0.00
93884	-0	0.00
93904	-0	0.00
93924	-0	0.00
93944	-0	0.00
93964	-0	0.00
93984	-0	0.00
94004	-0	0.00
94024	-0	0.00
94044	-0	0.00
94064	-0	0.00
94084	-0	0.00
94104	-0	0.00
94124	-0	0.00
94144	-0	0.00
94164	-0	0.00
94184	-0	0.00
94204	-0	0.00
94224	-0	0.00
94244	-0	0.00
94264	-0	0.00
94284	-0	0.00
94304	-0	0.00
94324	-0	0.00
94344	-0	0.00
94364	-0	0.00
94384	-0	-0.05
94404	-0	-0.05
94424	-0	0.00
94444	-0	0.00
94464	-0	0.00
94484	0	0.00
94504	0	0.00
94524	0	0.00
>> control bot config right_p 2000
94572	0	0.00
94592	0	0.00
94612	0	0.00
94632	0	0.00
94652	0	0.00
94672	0	0.00
94692	0	0.00
94712	0	0.00
94732	0	0.00
94752	0	0.00
94772	0	0.00
94792	0	0.00
94812	0	0.00
94832	0	0.00
94852	0	0.00
94872	0	0.00
94892	0	0.00
94912	0	0.00
94932	0	0.00
94952	0	0.00
94972	0	0.00
94992	0	0.00
95012	0	0.00
95032	0	0.00
95052	0	0.00
95072	0	0.00
95092	0	0.00
95112	0	0.00
95132	0	0.00
95152	0	0.00
95172	0	0.00
95192	0	0.00
95212	0	0.00
95232	0	0.00
95252	0	0.00
95272	0	0.00
95292	0	0.00
95312	0	0.00
95332	0	0.00
95352	0	0.00
95372	0	0.00
95392	0	0.00
95412	0	0.00
95432	0	0.00
95452	0	0.00
95472	0	0.00
95492	0	0.00
95512	0	0.00
95532	0	0.00
95552	0	0.00
95572	0	0.00
95592	0	0.00
95612	0	0.00
95632	0	0.00
95652	0	0.00
95672	0	0.00
95692	0	0.00
95712	0	0.00
95732	0	0.00
95752	0	0.00
95772	0	0.00
95792	0	0.00
95812	0	0.00
95832	0	0.00
95852	0	0.00
95872	0	0.00
95892	0	0.00
95912	0	0.00
95932	0	0.00
95952	0	0.00
95972	0	0.00
95992	0	0.00
96012	0	0.00
96032	0	0.00
96052	0	0.00
96072	0	0.00
96092	0	0.00
96112	0	0.00
96132	0	0.00
96152	0	0.00
96172	0	0.00
96192	0	0.00
96212	0	0.00
96232	0	0.00
96252	0	0.00
96272	0	0.00
96292	0	0.00
96312	0	0.00
96332	0	0.00
96352	0	0.00
96372	0	0.00
96392	0	0.00
96412	0	0.00
96432	0	0.00
96452	0	0.00
96472	0	0.00
96492	0	0.00
96512	0	0.00
96532	0	0.00
96552	0	0.00
96572	0	0.00
96592	0	0.00
96612	0	0.00
96632	0	0.00
96652	0	0.00
96672	0	0.00
96692	0	0.00
96712	0	0.00
96732	0	0.00
96752	0	0.00
96772	0	0.00
96792	0	0.00
96812	0	0.00
96832	0	0.00
96852	0	0.00
96872	0	0.00
96892	0	0.00
96912	0	0.00
96932	0	0.00
96952	0	0.00
96972	0	0.00
96992	0	0.00
97012	0	0.00
97032	0	0.00
97052	0	0.00
97072	0	0.00
97092	0	0.00
97112	0	0.00
97132	0	0.00
97152	0	0.00
97172	0	0.00
97192	0	0.00
97212	0	0.00
97232	0	0.00
97252	0	0.00
97272	0	0.00
97292	0	0.00
97312	0	0.00
97332	0	0.00
97352	0	0.00
97372	0	0.00
97392	0	0.00
97412	0	0.00
97432	0	0.00
97452	0	0.00
97472	0	0.00
97492	0	0.00
97512	0	0.00
97532	0	0.00
97552	0	0.00
97572	0	0.00
97592	0	0.00
97612	0	0.00
97632	0	0.00
97652	0	0.00
97672	0	0.00
97692	0	0.00
97712	0	0.00
97732	0	0.00
97752	0	0.00
97772	0	0.00
97792	0	0.00
97812	0	0.00
97832	0	0.00
97852	0	0.00
97872	0	0.00
97892	0	0.00
97912	0	0.00
97932	0	0.00
97952	0	0.00
97972	0	0.00
97992	0	0.00
98012	0	0.00
98032	0	0.00
98052	0	0.00
98072	0	0.00
98092	0	0.00
98112	0	0.00
98132	0	0.00
98152	0	0.00
98172	0	0.00
98192	0	0.00
98212	0	0.00
98232	0	0.00
98252	0	0.00
98272	0	0.00
98292	0	0.00
98312	0	0.00
98332	0	0.00
98352	0	0.00
98372	0	0.00
98392	0	0.00
98412	0	0.00
98432	0	0.00
98452	0	0.00
98472	0	0.00
98492	0	0.00
98512	0	0.00
98532	0	0.00
98552	0	0.00
98572	0	0.00
98592	0	0.00
98612	0	0.00
98632	0	0.00
98652	0	0.00
98672	0	0.00
98692	0	0.00
98712	0	0.00
98732	0	0.00
98752	0	0.00
98772	0	0.00
98792	0	0.00
98812	0	0.00
98832	0	0.00
98852	0	0.00
98872	0	0.00
98892	0	0.00
98912	0	0.00
98932	0	0.00
98952	0	0.00
98972	0	0.00
98992	0	0.00
99012	0	0.00
99032	0	0.00
99052	0	0.00
99072	0	0.00
99092	0	0.00
99112	0	0.00
99132	0	0.00
99152	0	0.00
99172	0	0.00
99192	0	0.00
99212	0	0.00
99232	0	0.00
99252	0	0.00
99272	0	0.00
99292	0	0.00
99312	0	0.00
99332	0	0.00
99352	0	0.00
99372	0	0.00
99392	0	0.00
99412	0	0.00
99432	0	0.00
99452	0	0.00
99472	0	0.00
99492	0	0.00
99512	0	0.00
99532	0	0.00
99552	0	0.00
99572	0	0.00
99592	0	0.00
99612	0	0.00
99632	0	0.00
99652	0	0.00
99672	0	0.00
99692	0	0.00
99712	0	0.00
99732	0	0.00
99752	0	0.00
99772	0	0.00
99792	0	0.00
99812	0	0.00
99832	0	0.00
99852	0	0.00
99872	0	0.00
99892	0	0.00
99912	0	0.00
99932	0	0.00
99952	0	0.00
99972	0	0.00
99992	0	0.00
100012	0	0.00
100032	0	0.00
100052	0	0.00
100072	0	0.00
100092	0	0.00
100112	0	0.00
100132	0	0.00
100152	0	0.00
100172	0	0.00
100192	0	0.00
100212	0	0.00
100232	0	0.00
100252	0	0.00
100272	0	0.00
100292	0	0.00
100312	0	0.00
100332	0	0.00
100352	0	0.00
100372	0	0.00
100392	0	0.00
100412	0	0.00
100432	0	0.00
100452	0	0.00
100472	0	0.00
100492	0	0.00
100512	0	0.00
>> control linear 2000
100549	0	0.00
100569	2	0.47
100589	2	1.24
100609	2	1.45
100629	2	1.45
100649	2	1.65
100669	2	1.70
100689	2	1.70
100709	2	1.75
100729	2	1.75
100749	2	1.70
100769	2	1.80
100789	2	1.75
100809	2	1.75
100829	2	1.75
100849	2	1.75
100869	2	1.75
100889	2	1.75
100909	2	1.75
100929	2	1.80
100949	2	1.75
100969	2	1.80
100989	2	1.85
101009	2	1.75
101029	2	1.75
101049	2	1.85
101069	2	1.80
101089	2	1.75
101109	2	1.75
101129	2	1.80
101149	2	1.80
101169	2	1.85
101189	2	1.85
101209	2	1.80
101229	2	1.85
101249	2	1.80
101269	2	1.85
101289	2	1.80
101309	2	1.90
101329	2	1.85
101349	2	1.80
101369	2	1.90
101389	2	1.85
101409	2	1.80
101429	2	1.90
101449	2	1.85
101469	2	1.90
101489	2	1.85
101509	2	1.85
101529	2	1.85
101549	2	1.90
101569	2	1.85
101589	2	1.90
101609	1	1.85
101629	1	1.80
101649	1	1.40
101669	1	1.20
101689	0	1.00
101709	0	0.65
101729	0	0.55
101749	0	0.35
101769	0	0.25
101789	-0	0.20
101809	-0	0.10
101829	-0	0.00
101849	-0	0.00
101869	-0	0.00
101889	-0	0.00
101909	-0	0.00
101929	-0	0.00
101949	-0	0.00
101969	-0	0.00
101989	-0	0.00
102009	-0	0.00
102029	-0	0.00
102049	-0	0.00
102069	-0	0.00
102089	-0	0.00
102109	-0	0.00
102129	-0	0.00
102149	-0	0.00
102169	-0	0.00
102189	-0	0.00
102209	-0	0.00
102229	-0	0.00
102249	-0	0.00
102269	-0	0.00
102289	-0	0.00
102309	-0	0.00
102329	-0	0.00
102349	-0	0.00
102369	-0	0.00
102389	-0	0.00
102409	-0	0.00
102429	-0	0.00
102449	-0	0.00
102469	-0	0.00
102489	-0	0.00
102509	-0	0.00
102529	-0	0.00
102549	-0	0.00
102569	-0	0.00
102589	-0	0.00
102609	-0	0.00
102629	-0	0.00
102649	-0	0.00
102669	-0	0.00
102689	-0	0.00
102709	-0	0.00
102729	-0	0.00
102749	-0	0.00
102769	-0	0.00
102789	-0	0.00
102809	-0	0.00
102829	-0	0.00
102849	-0	0.00
102869	-0	0.00
102889	-0	0.00
102909	-0	0.00
102929	-0	0.00
102949	-0	0.00
102969	-0	0.00
102989	-0	0.00
103009	-0	0.00
103029	-0	0.00
103049	-0	0.00
103069	-0	0.00
103089	-0	0.00
103109	-0	0.00
103129	-0	0.00
103149	-0	0.00
103169	-0	0.00
103189	-0	0.00
103209	-0	0.00
103229	-0	0.00
103249	-0	0.00
103269	-0	0.00
103289	-0	0.00
103309	-0	0.00
103329	-0	0.00
103349	-0	0.00
103369	-0	0.00
103389	-0	0.00
103409	-0	0.00
103429	-0	0.00
103449	-0	0.00
103469	-0	0.00
103489	-0	0.00
103509	-0	0.00
103529	-0	0.00
103549	-0	0.00
103569	-0	0.00
103589	-0	0.00
103609	-0	0.00
103629	-0	0.00
103649	-0	0.00
103669	-0	0.00
103689	-0	0.00
103709	-0	0.00
103729	-0	0.00
103749	-0	0.00
103769	-0	0.00
103789	-0	0.00
103809	-0	0.00
103829	-0	0.00
103849	-0	0.00
103869	-0	0.00
103889	-0	0.00
103909	-0	0.00
103929	-0	0.00
103949	-0	0.00
103969	-0	0.00
103989	-0	0.00
104009	-0	0.00
104029	-0	0.00
104049	-0	0.00
104069	-0	0.00
104089	-0	0.00
104109	-0	0.00
104129	-0	0.00
104149	-0	0.00
104169	-0	0.00
104189	-0	0.00
104209	-0	0.00
104229	-0	0.00
104249	-0	0.00
104269	-0	0.00
104289	-0	0.00
104309	-0	0.00
104329	-0	0.00
104349	-0	0.00
104369	-0	0.00
104389	-0	0.00
104409	-0	0.00
104429	-0	0.00
104449	-0	0.00
104469	-0	0.00
104489	-0	0.00
104509	-0	0.00
104529	-0	0.00
104549	-0	0.00
104569	-0	0.00
104589	-0	0.00
104609	-0	0.00
104629	-0	0.00
104649	-0	0.00
104669	-0	0.00
104689	-0	0.00
104709	-0	0.00
104729	-0	0.00
104749	-0	0.00
104769	-0	0.00
104789	-0	0.00
104809	-0	0.00
104829	-0	0.00
104849	-0	0.00
104869	-0	0.00
104889	-0	0.00
104909	-0	0.00
104929	-0	0.00
104949	-0	0.00
104969	-0	0.00
104989	-0	0.00
105009	-0	0.00
105029	-0	0.00
105049	-0	0.00
105069	-0	0.00
105089	-0	0.00
105109	-0	0.00
105129	-0	0.00
105149	-0	0.00
105169	-0	0.00
105189	-0	0.00
105209	-0	0.00
105229	-0	0.00
105249	-0	0.00
105269	-0	0.00
105289	-0	0.00
105309	-0	0.00
105329	-0	0.00
105349	-0	0.00
105369	-0	0.00
105389	-0	0.00
105409	-0	0.00
105429	-0	0.00
105449	-0	0.00
105469	-0	0.00
105489	-0	0.00
105509	-0	0.00
105529	-0	0.00
105549	-0	0.00
105569	-0	0.00
105589	-0	0.00
105609	-0	0.00
105629	-0	0.00
105649	-0	0.00
105669	-0	0.00
105689	-0	0.00
105709	-0	0.00
105729	-0	0.00
105749	-0	0.00
105769	-0	0.00
105789	-0	0.00
105809	-0	0.00
105829	-0	0.00
105849	-0	0.00
105869	-0	0.00
105889	-0	0.00
105909	-0	0.00
105929	-0	0.00
105949	-0	0.00
105969	-0	0.00
105989	-0	0.00
106009	-0	0.00
106029	-0	0.00
106049	-0	0.00
106069	-0	0.00
106089	-0	0.00
106109	-0	0.00
106129	-0	0.00
106149	-0	0.00
106169	-0	0.00
106189	-0	0.00
106209	-0	0.00
106229	-0	0.00
106249	-0	0.00
106269	-0	0.00
106289	-0	-0.05
106309	-0	0.00
106329	-0	0.00
106349	-0	0.00
106369	-0	0.00
106389	-0	0.00
106409	-0	0.00
106429	-0	0.00
106449	-0	0.00
106469	-0	0.00
106489	-0	0.00
106509	-0	0.00
106529	-0	0.00
106549	-0	0.00
106569	-0	0.00
106589	-0	0.00
106609	-0	0.00
106629	-0	0.00
106649	-0	0.00
106669	-0	0.00
106689	-0	0.00
106709	-0	0.00
106729	-0	0.00
106749	-0	0.00
106769	-0	0.00
106789	-0	0.00
106809	-0	0.00
106829	-0	0.00
106849	-0	0.00
106869	-0	0.00
106889	-0	0.00
106909	-0	0.00
106929	-0	0.00
106949	-0	0.00
106969	-0	0.00
106989	-0	0.00
107009	-0	0.00
107029	-0	0.00
107049	-0	0.00
107069	-0	0.00
107089	-0	0.00
107109	-0	0.00
107129	-0	0.00
107149	-0	0.00
107169	-0	0.00
107189	-0	0.00
107209	-0	0.00
107229	-0	0.00
107249	-0	0.00
107269	-0	0.00
107289	-0	0.00
107309	-0	0.00
107329	-0	0.00
107349	-0	0.00
107369	-0	0.00
107389	-0	0.00
107409	-0	0.00
107429	-0	0.00
107449	-0	0.00
107469	-0	0.00
107489	-0	0.00
107509	-0	0.00
107529	-0	0.00
107549	-0	0.00
107569	-0	0.00
107589	-0	0.00
107609	-0	0.00
107629	-0	0.00
107649	-0	0.00
107669	-0	0.00
107689	-0	0.00
107709	-0	0.00
107729	-0	0.00
107749	-0	0.00
107769	-0	0.00
107789	-0	0.00
107809	-0	0.00
107829	-0	0.00
107849	-0	0.00
107869	-0	0.00
107889	-0	0.00
107909	-0	0.00
107929	-0	-0.05
107949	-0	0.00
107969	-0	0.00
107989	-0	0.00
108009	-0	0.00
108029	-0	0.00
108049	-0	0.00
108069	-0	0.00
108089	-0	0.00
108109	-0	0.00
108129	-0	0.00
108149	-0	0.00
108169	-0	0.00
108189	-0	0.00
108209	-0	0.00
108229	-0	0.00
108249	-0	0.00
108269	-0	0.00
108289	-0	0.00
108309	-0	0.00
108329	-0	0.00
108349	-0	0.00
108369	-0	0.00
108389	-0	0.00
108409	-0	0.00
108429	-0	0.00
108449	-0	0.00
108469	-0	0.00
108489	-0	0.00
108509	-0	0.00
108529	-0	0.00
108549	-0	0.00
108569	-0	0.00
108589	-0	0.00
108609	-0	0.00
108629	-0	0.00
108649	-0	0.00
108669	-0	0.00
108689	-0	0.00
108709	-0	0.00
108729	-0	0.00
108749	-0	0.00
108769	-0	0.00
108789	-0	0.00
108809	-0	0.00
108829	-0	0.00
108849	-0	0.00
108869	-0	0.00
108889	-0	0.00
108909	-0	0.00
108929	0	0.00
108949	0	0.00
108969	0	0.00
108989	0	0.00
109009	0	0.00
109029	0	0.00
109049	0	0.00
109069	0	0.00
109089	0	0.00
109109	0	0.00
109129	0	0.00
109149	0	0.00
109169	0	0.00
109189	0	0.00
109209	0	0.00
109229	0	0.00
109249	0	0.00
109269	0	0.00
109289	0	0.00
109309	0	0.00
109329	0	0.00
109349	0	0.00
109369	0	0.00
109389	0	0.00
109409	0	0.00
109429	0	0.00
109449	0	0.00
109469	0	0.00
109489	0	0.00
109509	0	0.00
109529	0	0.00
109549	0	0.00
109569	0	0.00
109589	0	0.00
109609	0	0.00
109629	0	0.00
109649	0	0.00
109669	0	0.00
109689	0	0.00
109709	0	0.00
109729	0	0.00
109749	0	0.00
109769	0	0.00
109789	0	0.00
109809	0	0.00
109829	0	0.00
109849	0	0.00
109869	0	0.00
109889	0	0.00
109909	0	0.00
109929	0	0.00
109949	0	0.00
109969	0	0.00
109989	0	0.00
110009	0	0.00
110029	0	0.00
110049	0	0.00
110069	0	0.00
110089	0	0.00
110109	0	0.00
110129	0	0.00
110149	0	0.00
110169	0	0.00
110189	0	0.00
110209	0	0.00
110229	0	0.00
110249	0	0.00
110269	0	0.00
110289	0	0.00
110309	0	0.00
110329	0	0.00
110349	0	0.00
110369	0	0.00
110389	0	0.00
110409	0	0.00
110429	0	0.00
110449	0	0.00
110469	0	0.00
110489	0	0.00
110509	0	0.00
110529	0	0.00
110549	0	0.00
110569	0	0.00
110589	0	0.00
110609	0	0.00
110629	0	0.00
110649	0	0.00
110669	0	0.00
110689	0	0.00
110709	0	0.00
110729	0	0.00
110749	0	0.00
110769	0	0.00
110789	0	0.00
110809	0	0.00
110829	0	0.00
110849	0	0.00
110869	0	0.00
110889	0	0.00
110909	0	0.00
110929	0	0.00
110949	0	0.00
110969	0	0.00
110989	0	0.00
111009	0	0.00
111029	0	0.00
111049	0	0.00
111069	0	0.00
111089	0	0.00
111109	0	0.00
111129	0	0.00
111149	0	0.00
111169	0	0.00
111189	0	0.00
111209	0	0.00
111229	0	0.00
111249	0	0.00
111269	0	0.00
111289	0	0.00
111309	0	0.00
111329	0	0.00
111349	0	0.00
111369	0	0.00
111389	0	0.00
111409	0	0.00
111429	0	0.00
111449	0	0.00
111469	0	0.00
111489	0	0.00
111509	0	0.00
111529	0	0.00
111549	0	0.00
111569	0	0.00
111589	0	0.00
111609	0	0.00
111629	0	0.00
111649	0	0.00
111669	0	0.00
111689	0	0.00
111709	0	0.00
111729	0	0.00
111749	0	0.00
111769	0	0.00
111789	0	0.00
111809	0	0.00
111829	0	0.00
111849	0	0.00
111869	0	0.00
111889	0	0.00
111909	0	0.00
111929	0	0.00
111949	0	0.00
111969	0	0.00
111989	0	0.00
112009	0	0.00
112029	0	0.00
112049	0	0.00
112069	0	0.00
112089	0	0.00
112109	0	0.00
112129	0	0.00
112149	0	0.00
112169	0	0.00
112189	0	0.00
112209	0	0.00
112229	0	0.00
112249	0	0.00
112269	0	0.00
112289	0	0.00
112309	0	0.00
112329	0	0.00
112349	0	0.00
112369	0	0.00
112389	0	0.00
112409	0	0.00
112429	0	0.00
112449	0	0.00
112469	0	0.00
112489	0	0.00
112509	0	0.00
112529	0	0.00
112549	0	0.00
112569	0	0.00
112589	0	0.00
112609	0	0.00
112629	0	0.00
112649	0	0.00
112669	0	0.00
112689	0	0.00
112709	0	0.00
112729	0	0.00
112749	0	0.00
112769	0	0.00
112789	0	0.00
112809	0	0.00
112829	0	0.00
112849	0	0.00
112869	0	0.00
112889	0	0.00
112909	0	0.00
112929	0	0.00
112949	0	0.00
112969	0	0.00
112989	0	0.00
113009	0	0.00
113029	0	0.00
113049	0	0.00
113069	0	0.00
113089	0	0.00
113109	0	0.00
113129	0	0.00
113149	0	0.00
113169	0	0.00
113189	0	0.00
113209	0	0.00
113229	0	0.00
113249	0	0.00
113269	0	0.00
113289	0	0.00
113309	0	0.00
113329	0	0.00
113349	0	0.00
113369	0	0.00
113389	0	0.00
113409	0	0.00
113429	0	0.00
113449	0	0.00
113469	0	0.00
113489	0	0.00
113509	0	0.00
113529	0	0.00
113549	0	0.00
113569	0	0.00
113589	0	0.00
113609	0	0.00
113629	0	0.00
113649	0	0.00
113669	0	0.00
113689	0	0.00
113709	0	0.00
113729	0	0.00
113749	0	0.00
113769	0	0.00
113789	0	0.00
113809	0	0.00
113829	0	0.00
113849	0	0.00
113869	0	0.00
113889	0	0.00
113909	0	0.00
113929	0	0.00
113949	0	0.00
113969	0	0.00
113989	0	0.00
114009	0	0.00
114029	0	0.00
114049	0	0.00
114069	0	0.00
114089	0	0.00
114109	0	0.00
114129	0	0.00
114149	0	0.00
114169	0	0.00
114189	0	0.00
114209	0	0.00
114229	0	0.00
114249	0	0.00
114269	0	0.00
114289	0	0.00
114309	0	0.00
114329	0	0.00
114349	0	0.00
114369	0	0.00
114389	0	0.00
114409	0	0.00
114429	0	0.00
114449	0	0.00
114469	0	0.00
114489	0	0.00
114509	0	0.00
114529	0	0.00
114549	0	0.00
114569	0	0.00
114589	0	0.00
114609	0	0.00
114629	0	0.00
114649	0	0.00
114669	0	0.00
114689	0	0.00
114709	0	0.00
114729	0	0.00
114749	0	0.00
114769	0	0.00
114789	0	0.00
114809	0	0.00
114829	0	0.00
114849	0	0.00
114869	0	0.00
114889	0	0.00
114909	0	0.00
114929	0	0.00
114949	0	0.00
114969	0	0.00
114989	0	0.00
115009	0	0.00
115029	0	0.00
115049	0	0.00
115069	0	0.00
115089	0	0.00
115109	0	0.00
115129	0	0.00
115149	0	0.00
115169	0	0.00
115189	0	0.00
115209	0	0.00
115229	0	0.00
115249	0	0.00
115269	0	0.00
115289	0	0.00
115309	0	0.00
115329	0	0.00
115349	0	0.00
115369	0	0.00
115389	0	0.00
115409	0	0.00
115429	0	0.00
115449	0	0.00
115469	0	0.00
115489	0	0.00
115509	0	0.00
115529	0	0.00
115549	0	0.00
115569	0	0.00
115589	0	0.00
115609	0	0.00
115629	0	0.00
115649	0	0.00
115669	0	0.00
115689	0	0.00
115709	0	0.00
115729	0	0.00
115749	0	0.00
115769	0	0.00
115789	0	0.00
115809	0	0.00
115829	0	0.00
115849	0	0.00
115869	0	0.00
115889	0	0.00
115909	0	0.00
115929	0	0.00
115949	0	0.00
115969	0	0.00
115989	0	0.00
116009	0	0.00
116029	0	0.00
116049	0	0.00
116069	0	0.00
116089	0	0.00
116109	0	0.00
116129	0	0.00
116149	0	0.00
116169	0	0.00
116189	0	0.00
116209	0	0.00
116229	0	0.00
116249	0	0.00
116269	0	0.00
116289	0	0.00
116309	0	0.00
116329	0	0.00
116349	0	0.00
116369	0	0.00
116389	0	0.00
116409	0	0.00
116429	0	0.00
116449	0	0.00
116469	0	0.00
116489	0	0.00
116509	0	0.00
116529	0	0.00
116549	0	0.00
116569	0	0.00
116589	0	0.00
116609	0	0.00
116629	0	0.00
116649	0	0.00
116669	0	0.00
116689	0	0.00
116709	0	0.00
116729	0	0.00
116749	0	0.00
116769	0	0.00
116789	0	0.00
116809	0	0.00
116829	0	0.00
116849	0	0.00
116869	0	0.00
116889	0	0.00
116909	0	0.00
116929	0	0.00
116949	0	0.00
116969	0	0.00
116989	0	0.00
117009	0	0.00
117029	0	0.00
117049	0	0.00
117069	0	0.00
117089	0	0.00
117109	0	0.00
117129	0	0.00
117149	0	0.00
117169	0	0.00
117189	0	0.00
117209	0	0.00
117229	0	0.00
117249	0	0.00
117269	0	0.00
117289	0	0.00
117309	0	0.00
117329	0	0.00
117349	0	0.00
117369	0	0.00
117389	0	0.00
117409	0	0.00
117429	0	0.00
117449	0	0.00
117469	0	0.00
117489	0	0.00
117509	0	0.00
117529	0	0.00
117549	0	0.00
117569	0	0.00
117589	0	0.00
117609	0	0.00
117629	0	0.00
117649	0	0.00
117669	0	0.00
117689	0	0.00
117709	0	0.00
117729	0	0.00
117749	0	0.00
117769	0	0.00
117789	0	0.00
117809	0	0.00
117829	0	0.00
117849	0	0.00
117869	0	0.00
117889	0	0.00
117909	0	0.00
117929	0	0.00
117949	0	0.00
117969	0	0.00
117989	0	0.00
118009	0	0.00
118029	0	0.00
118049	0	0.00
118069	0	0.00
118089	0	0.00
118109	0	0.00
118129	0	0.00
118149	0	0.00
118169	0	0.00
118189	0	0.00
118209	0	0.00
118229	0	0.00
118249	0	0.00
118269	0	0.00
118289	0	0.00
118309	0	0.00
118329	0	0.00
118349	0	0.00
118369	0	0.00
118389	0	0.00
118409	0	0.00
118429	0	0.00
118449	0	0.00
118469	0	0.00
118489	0	0.00
118509	0	0.00
118529	0	0.00
118549	0	0.00
118569	0	0.00
118589	0	0.00
118609	0	0.00
118629	0	0.00
118649	0	0.00
118669	0	0.00
118689	0	0.00
118709	0	0.00
118729	0	0.00
118749	0	0.00
118769	0	0.00
118789	0	0.00
118809	0	0.00
118829	0	0.00
118849	0	0.00
118869	0	0.00
118889	0	0.00
118909	0	0.00
118929	0	0.00
118949	0	0.00
118969	0	0.00
118989	0	0.00
119009	0	0.00
119029	0	0.00
119049	0	0.00
119069	0	0.00
119089	0	0.00
119109	0	0.00
119129	0	0.00
119149	0	0.00
119169	0	0.00
119189	0	0.00
119209	0	0.00
119229	0	0.00
119249	0	0.00
119269	0	0.00
119289	0	0.00
119309	0	0.00
119329	0	0.00
119349	0	0.00
119369	0	0.00
119389	0	0.00
119409	0	0.00
119429	0	0.00
119449	0	0.00
119469	0	0.00
119489	0	0.00
119509	0	0.00
119529	0	0.00
119549	0	0.00
119569	0	0.00
119589	0	0.00
119609	0	0.00
119629	0	0.00
119649	0	0.00
119669	0	0.00
119689	0	0.00
119709	0	0.00
119729	0	0.00
119749	0	0.00
119769	0	0.00
119789	0	0.00
119809	0	0.00
119829	0	0.00
119849	0	0.00
119869	0	0.00
119889	0	0.00
119909	0	0.00
119929	0	0.00
119949	0	0.00
119969	0	0.00
119989	0	0.00
120009	0	0.00
120029	0	0.00
120049	0	0.00
120069	0	0.00
120089	0	0.00
120109	0	0.00
120129	0	0.00
120149	0	0.00
120169	0	0.00
120189	0	0.00
120209	0	0.00
120229	0	0.00
120249	0	0.00
120269	0	0.00
120289	0	0.00
120309	0	0.00
120329	0	0.00
120349	0	0.00
120369	0	0.00
120389	0	0.00
120409	0	0.00
120429	0	0.00
120449	0	0.00
120469	0	0.00
120489	0	0.00
120509	0	0.00
120529	0	0.00
120549	0	0.00
120569	0	0.00
120589	0	0.00
120609	0	0.00
120629	0	0.00
120649	0	0.00
120669	0	0.00
120689	0	0.00
120709	0	0.00
120729	0	0.00
120749	0	0.00
120769	0	0.00
120789	0	0.00
120809	0	0.00
120829	0	0.00
120849	0	0.00
120869	0	0.00
120889	0	0.00
120909	0	0.00
120929	0	0.00
120949	0	0.00
120969	0	0.00
120989	0	0.00
121009	0	0.00
121029	0	0.00
121049	0	0.00
121069	0	0.00
121089	0	0.00
121109	0	0.00
121129	0	0.00
121149	0	0.00
121169	0	0.00
121189	0	0.00
121209	0	0.00
121229	0	0.00
121249	0	0.00
121269	0	0.00
121289	0	0.00
121309	0	0.00
121329	0	0.00
121349	0	0.00
121369	0	0.00
121389	0	0.00
121409	0	0.00
121429	0	0.00
121449	0	0.00
121469	0	0.00
121489	0	0.00
121509	0	0.00
121529	0	0.00
121549	0	0.00
121569	0	0.00
121589	0	0.00
121609	0	0.00
121629	0	0.00
121649	0	0.00
121669	0	0.00
121689	0	0.00
121709	0	0.00
121729	0	0.00
121749	0	0.00
121769	0	0.00
121789	0	0.00
121809	0	0.00
121829	0	0.00
121849	0	0.00
121869	0	0.00
121889	0	0.00
121909	0	0.00
121929	0	0.00
121949	0	0.00
121969	0	0.00
121989	0	0.00
122009	0	0.00
122029	0	0.00
122049	0	0.00
122069	0	0.00
122089	0	0.00
122109	0	0.00
122129	0	0.00
122149	0	0.00
122169	0	0.00
122189	0	0.00
122209	0	0.00
122229	0	0.00
122249	0	0.00
122269	0	0.00
122289	0	0.00
122309	0	0.00
122329	0	0.00
122349	0	0.00
122369	0	0.00
122389	0	0.00
122409	0	0.00
122429	0	0.00
122449	0	0.00
122469	0	0.00
122489	0	0.00
122509	0	0.00
122529	0	0.00
122549	0	0.00
122569	0	0.00
122589	0	0.00
122609	0	0.00
122629	0	0.00
122649	0	0.00
122669	0	0.00
>> control linear 2000
122705	2	0.00
122725	2	1.20
122745	2	1.59
122765	2	1.40
122785	2	1.60
122805	2	1.80
122825	2	1.70
122845	2	1.80
122865	2	1.80
122885	2	1.80
122905	2	1.80
122925	2	1.75
122945	2	1.75
122965	2	1.80
122985	2	1.80
123005	2	1.70
123025	2	1.80
123045	2	1.80
123065	2	1.75
123085	2	1.75
123105	2	1.80
123125	2	1.80
123145	2	1.75
123165	2	1.75
123185	2	1.85
123205	2	1.80
123225	2	1.80
123245	2	1.75
123265	2	1.75
123285	2	1.85
123305	2	1.80
123325	2	1.80
123345	2	1.80
123365	2	1.85
123385	2	1.85
123405	2	1.80
123425	2	1.90
123445	2	1.85
123465	2	1.80
123485	2	1.85
123505	2	1.85
123525	2	1.85
123545	2	1.90
123565	2	1.85
123585	2	1.85
123605	2	1.85
123625	2	1.85
123645	2	1.90
123665	2	1.85
123685	2	1.90
123705	2	1.85
123725	2	1.80
123745	1	1.80
123765	1	1.75
123785	1	1.50
123805	1	1.20
123825	0	0.95
123845	0	0.65
123865	0	0.45
123885	0	0.30
123905	0	0.25
123925	0	0.20
123945	0	0.15
123965	-0	0.10
123985	-0	0.00
124005	-0	0.00
124025	-0	0.00
124045	-0	0.00
124065	-0	0.00
124085	-0	0.00
124105	-0	0.00
124125	-0	0.00
124145	-0	0.00
124165	-0	0.00
124185	-0	0.00
124205	-0	0.00
124225	-0	0.00
124245	-0	0.00
124265	-0	0.00
124285	-0	0.00
124305	-0	0.00
124325	-0	0.00
124345	-0	0.00
124365	-0	0.00
124385	-0	0.00
124405	-0	0.00
124425	-0	0.00
124445	-0	0.00
124465	-0	0.00
124485	-0	0.00
124505	-0	0.00
124525	-0	0.00
124545	-0	0.00
124565	-0	0.00
124585	-0	0.00
124605	-0	0.00
124625	-0	0.00
124645	-0	0.00
124665	-0	0.00
124685	-0	0.00
124705	-0	0.00
124725	-0	0.00
124745	-0	0.00
124765	-0	0.00
124785	-0	0.00
124805	-0	0.00
124825	-0	0.00
124845	-0	0.00
124865	-0	0.00
124885	-0	0.00
124905	-0	0.00
124925	-0	0.00
124945	-0	0.00
124965	-0	0.00
124985	-0	0.00
125005	-0	0.00
125025	-0	0.00
125045	-0	0.00
125065	-0	0.00
125085	-0	0.00
125105	-0	0.00
125125	-0	0.00
125145	-0	0.00
125165	-0	0.00
125185	-0	0.00
125205	-0	0.00
125225	-0	0.00
125245	-0	0.00
125265	-0	0.00
125285	-0	0.00
125305	-0	0.00
125325	-0	0.00
125345	-0	0.00
125365	-0	0.00
125385	-0	0.00
125405	-0	0.00
125425	-0	0.00
125445	-0	0.00
125465	-0	0.00
125485	-0	0.00
125505	-0	0.00
125525	-0	0.00
125545	-0	0.00
125565	-0	0.00
125585	-0	0.00
125605	-0	0.00
125625	-0	0.00
125645	-0	0.00
125665	-0	0.00
125685	-0	0.00
125705	-0	0.00
125725	-0	0.00
125745	-0	0.00
125765	-0	0.00
125785	-0	0.00
125805	-0	0.00
125825	-0	0.00
125845	-0	0.00
125865	-0	0.00
125885	-0	0.00
125905	-0	0.00
125925	-0	0.00
125945	-0	0.00
125965	-0	0.00
125985	-0	0.00
126005	-0	0.00
126025	-0	0.00
126045	-0	0.00
126065	-0	0.00
126085	-0	0.00
126105	-0	0.00
126125	-0	0.00
126145	-0	0.00
126165	-0	0.00
126185	-0	0.00
126205	-0	0.00
126225	-0	0.00
126245	-0	0.00
126265	-0	0.00
126285	-0	0.00
126305	-0	0.00
126325	-0	0.00
126345	-0	0.00
126365	-0	0.00
126385	-0	0.00
126405	-0	0.00
126425	-0	0.00
126445	-0	0.00
126465	-0	0.00
126485	-0	0.00
126505	-0	0.00
126525	-0	0.00
126545	-0	0.00
126565	-0	0.00
126585	-0	0.00
126605	-0	0.00
126625	-0	0.00
126645	-0	0.00
126665	-0	0.00
126685	-0	0.00
126705	-0	0.00
126725	-0	0.00
126745	-0	0.00
126765	-0	0.00
126785	-0	0.00
126805	-0	0.00
126825	-0	0.00
126845	-0	0.00
126865	-0	0.00
126885	-0	0.00
126905	-0	0.00
126925	-0	0.00
126945	-0	0.00
126965	-0	0.00
126985	-0	0.00
127005	-0	0.00
127025	-0	0.00
127045	-0	0.00
127065	-0	0.00
127085	-0	0.00
127105	-0	0.00
127125	-0	0.00
127145	-0	0.00
127165	-0	0.00
127185	-0	0.00
127205	-0	0.00
127225	-0	0.00
127245	-0	0.00
127265	-0	0.00
127285	-0	0.00
127305	-0	0.00
127325	-0	0.00
127345	-0	0.00
127365	-0	0.00
127385	-0	0.00
127405	-0	0.00
127425	-0	0.00
127445	-0	0.00
127465	-0	0.00
127485	-0	0.00
127505	-0	0.00
127525	-0	0.00
127545	-0	0.00
127565	-0	0.00
127585	-0	0.00
127605	-0	0.00
127625	-0	0.00
127645	-0	0.00
127665	-0	0.00
127685	-0	0.00
127705	-0	0.00
127725	-0	0.00
127745	-0	0.00
127765	-0	0.00
127785	-0	0.00
127805	-0	0.00
127825	-0	0.00
127845	-0	0.00
127865	-0	0.00
127885	-0	0.00
127905	-0	0.00
127925	-0	0.00
127945	-0	0.00
127965	-0	0.00
127985	-0	0.00
128005	-0	0.00
128025	-0	0.00
128045	-0	0.00
128065	-0	0.00
128085	-0	0.00
128105	-0	0.00
128125	-0	0.00
128145	-0	0.00
128165	-0	0.00
128185	-0	0.00
128205	-0	0.00
128225	-0	0.00
128245	-0	0.00
128265	-0	0.00
128285	-0	0.00
128305	-0	0.00
128325	-0	0.00
128345	-0	0.00
128365	-0	0.00
128385	-0	0.00
128405	-0	0.00
128425	-0	0.00
128445	-0	0.00
128465	-0	0.00
128485	-0	0.00
128505	-0	0.00
128525	-0	0.00
128545	-0	0.00
128565	-0	0.00
128585	-0	0.00
128605	-0	0.00
128625	-0	0.00
128645	-0	0.00
128665	-0	0.00
128685	-0	0.00
128705	-0	0.00
128725	-0	0.00
128745	-0	0.00
128765	-0	0.00
128785	-0	0.00
128805	-0	0.00
128825	-0	0.00
128845	-0	0.00
128865	-0	0.00
128885	-0	0.00
128905	-0	0.00
128925	-0	0.00
128945	-0	0.00
128965	-0	0.00
128985	-0	0.00
129005	-0	0.00
129025	-0	0.00
129045	-0	0.00
129065	-0	0.00
129085	-0	0.00
129105	-0	0.00
129125	-0	0.00
129145	-0	0.00
129165	-0	0.00
129185	-0	0.00
129205	-0	0.00
129225	-0	0.00
129245	-0	0.00
129265	-0	0.00
129285	-0	0.00
129305	-0	0.00
129325	-0	0.00
129345	-0	0.00
129365	-0	0.00
129385	-0	0.00
129405	-0	0.00
129425	-0	0.00
129445	-0	0.00
129465	-0	0.00
129485	-0	0.00
129505	-0	0.00
129525	-0	0.00
129545	-0	0.00
129565	-0	0.00
129585	-0	0.00
129605	-0	0.00
129625	-0	0.00
129645	-0	0.00
129665	-0	0.00
129685	-0	0.00
129705	-0	0.00
129725	-0	0.00
129745	-0	0.00
129765	-0	0.00
129785	-0	0.00
129805	-0	0.00
129825	-0	0.00
129845	-0	0.00
129865	-0	0.00
129885	-0	0.00
129905	-0	0.00
129925	-0	0.00
129945	-0	0.00
129965	-0	0.00
129985	-0	0.00
130005	-0	0.00
130025	-0	0.00
130045	-0	0.00
130065	-0	0.00
130085	-0	0.00
130105	-0	0.00
130125	-0	0.00
130145	-0	0.00
130165	-0	0.00
130185	-0	0.00
130205	-0	0.00
130225	-0	0.00
130245	-0	0.00
130265	-0	0.00
130285	-0	0.00
130305	-0	0.00
130325	-0	0.00
130345	-0	0.00
130365	-0	0.00
130385	-0	0.00
130405	-0	0.00
130425	-0	0.00
130445	-0	0.00
130465	-0	0.00
130485	-0	0.00
130505	-0	0.00
130525	-0	0.00
130545	-0	0.00
130565	-0	0.00
130585	-0	0.00
130605	-0	0.00
130625	-0	0.00
130645	-0	0.00
130665	-0	0.00
130685	-0	0.00
130705	-0	0.00
130725	-0	0.00
130745	-0	0.00
130765	-0	0.00
130785	-0	0.00
130805	-0	0.00
130825	-0	0.00
130845	-0	0.00
130865	-0	0.00
130885	-0	0.00
130905	-0	0.00
130925	-0	0.00
130945	-0	0.00
130965	-0	0.00
130985	-0	0.00
131005	-0	0.00
131025	-0	0.00
131045	-0	0.00
131065	-0	0.00
131085	-0	0.00
131105	-0	0.00
131125	-0	0.00
131145	-0	0.00
131165	-0	0.00
131185	-0	0.00
131205	-0	0.00
131225	-0	0.00
131245	-0	0.00
131265	-0	0.00
131285	-0	0.00
131305	-0	0.00
131325	-0	0.00
131345	-0	0.00
131365	-0	0.00
131385	-0	0.00
131405	-0	0.00
131425	-0	0.00
131445	-0	0.00
131465	-0	0.00
131485	-0	0.00
131505	-0	0.00
131525	-0	0.00
131545	-0	0.00
131565	-0	0.00
131585	-0	0.00
131605	-0	0.00
131625	-0	0.00
131645	-0	0.00
131665	-0	0.00
131685	-0	0.00
131705	-0	0.00
131725	-0	0.00
131745	-0	0.00
131765	-0	0.00
131785	-0	0.00
131805	-0	0.00
131825	-0	0.00
131845	-0	0.00
131865	-0	0.00
131885	-0	0.00
131905	-0	0.00
131925	-0	0.00
131945	-0	0.00
131965	-0	0.00
131985	-0	0.00
132005	-0	0.00
132025	-0	0.00
132045	-0	0.00
132065	-0	0.00
132085	-0	0.00
132105	-0	-0.05
132125	-0	0.00
132145	-0	0.00
132165	-0	0.00
132185	-0	0.00
132205	-0	0.00
132225	-0	0.00
132245	-0	0.00
132265	-0	0.00
132285	-0	0.00
132305	-0	0.00
132325	-0	0.00
132345	-0	0.00
132365	-0	0.00
132385	-0	0.00
132405	-0	0.00
132425	-0	0.00
132445	-0	0.00
132465	-0	0.00
132485	-0	0.00
132505	-0	0.00
132525	-0	0.00
132545	-0	0.00
132565	-0	0.00
132585	-0	0.00
132605	-0	0.00
132625	-0	0.00
132645	-0	0.00
132665	-0	0.00
132685	-0	0.00
132705	-0	0.00
132725	-0	0.00
132745	-0	0.00
132765	-0	0.00
132785	-0	0.00
132805	-0	0.00
132825	-0	0.00
132845	-0	0.00
132865	-0	0.00
132885	-0	0.00
132905	-0	0.00
132925	-0	0.00
132945	-0	0.00
132965	-0	0.00
132985	-0	0.00
133005	-0	0.00
133025	-0	0.00
133045	-0	0.00
133065	-0	0.00
133085	-0	0.00
133105	0	0.00
133125	0	0.00
133145	0	0.00
133165	0	0.00
133185	0	0.00
133205	0	0.00
133225	0	0.00
133245	0	0.00
133265	0	0.00
133285	0	0.00
133305	0	0.00
133325	0	0.00
133345	0	0.00
133365	0	0.00
133385	0	0.00
133405	0	0.00
133425	0	0.00
133445	0	0.00
133465	0	0.00
133485	0	0.00
133505	0	0.00
133525	0	0.00
133545	0	0.00
133565	0	0.00
133585	0	0.00
133605	0	0.00
133625	0	0.00
133645	0	0.00
133665	0	0.00
133685	0	0.00
133705	0	0.00
133725	0	0.00
133745	0	0.00
133765	0	0.00
133785	0	0.00
133805	0	0.00
133825	0	0.00
133845	0	0.00
133865	0	0.00
133885	0	0.00
133905	0	0.00
133925	0	0.00
133945	0	0.00
133965	0	0.00
133985	0	0.00
134005	0	0.00
134025	0	0.00
134045	0	0.00
134065	0	0.00
134085	0	0.00
134105	0	0.00
134125	0	0.00
134145	0	0.00
134165	0	0.00
134185	0	0.00
134205	0	0.00
134225	0	0.00
134245	0	0.00
134265	0	0.00
134285	0	0.00
134305	0	0.00
134325	0	0.00
134345	0	0.00
134365	0	0.00
134385	0	0.00
134405	0	0.00
134425	0	0.00
134445	0	0.00
134465	0	0.00
134485	0	0.00
134505	0	0.00
134525	0	0.00
134545	0	0.00
134565	0	0.00
134585	0	0.00
134605	0	0.00
134625	0	0.00
134645	0	0.00
134665	0	0.00
134685	0	0.00
134705	0	0.00
134725	0	0.00
134745	0	0.00
134765	0	0.00
134785	0	0.00
134805	0	0.00
134825	0	0.00
134845	0	0.00
134865	0	0.00
134885	0	0.00
134905	0	0.00
134925	0	0.00
134945	0	0.00
134965	0	0.00
134985	0	0.00
135005	0	0.00
135025	0	0.00
135045	0	0.00
135065	0	0.00
135085	0	0.00
135105	0	0.00
135125	0	0.00
135145	0	0.00
135165	0	0.00
135185	0	0.00
135205	0	0.00
135225	0	0.00
135245	0	0.00
135265	0	0.00
135285	0	0.00
135305	0	0.00
135325	0	0.00
135345	0	0.00
135365	0	0.00
135385	0	0.00
135405	0	0.00
135425	0	0.00
>> control linear -8000
135466	0	0.00
135486	-2	-0.36
135506	-2	-1.00
135526	-2	-1.45
135546	-2	-1.60
135566	-2	-1.70
135586	-2	-1.75
135606	-2	-1.75
135626	-2	-1.75
135646	-2	-1.75
135666	-2	-1.75
135686	-2	-1.75
135706	-2	-1.80
135726	-2	-1.75
135746	-2	-1.80
135766	-2	-1.80
135786	-2	-1.80
135806	-2	-1.75
135826	-2	-1.80
135846	-2	-1.80
135866	-2	-1.80
135886	-2	-1.80
135906	-2	-1.80
135926	-2	-1.80
135946	-2	-1.80
135966	-2	-1.85
135986	-2	-1.80
136006	-2	-1.80
136026	-2	-1.85
136046	-2	-1.80
136066	-2	-1.80
136086	-2	-1.85
136106	-2	-1.85
136126	-2	-1.85
136146	-2	-1.80
136166	-2	-1.85
136186	-2	-1.85
136206	-2	-1.80
136226	-2	-1.85
136246	-2	-1.85
136266	-2	-1.80
136286	-2	-1.80
136306	-2	-1.85
136326	-2	-1.85
136346	-2	-1.80
136366	-2	-1.80
136386	-2	-1.85
136406	-2	-1.90
136426	-2	-1.90
136446	-2	-1.85
136466	-2	-1.90
136486	-2	-1.85
136506	-2	-1.95
136526	-2	-1.85
136546	-2	-1.85
136566	-2	-1.90
136586	-2	-1.90
136606	-2	-1.90
136626	-2	-1.90
136646	-2	-1.90
136666	-2	-1.90
136686	-2	-1.90
136706	-2	-1.95
136726	-2	-1.90
136746	-2	-1.85
136766	-2	-1.95
136786	-2	-1.90
136806	-2	-1.90
136826	-2	-1.95
136846	-2	-1.90
136866	-2	-1.90
136886	-2	-1.90
136906	-2	-1.90
136926	-2	-1.90
136946	-2	-1.95
136966	-2	-1.95
136986	-2	-1.90
137006	-2	-1.95
137026	-2	-1.95
137046	-2	-1.90
137066	-2	-1.90
137086	-2	-2.00
137106	-2	-2.00
137126	-2	-1.85
137146	-2	-1.95
137166	-2	-1.90
137186	-2	-1.95
137206	-2	-1.95
137226	-2	-1.95
137246	-2	-1.90
137266	-2	-1.95
137286	-2	-1.95
137306	-2	-1.95
137326	-2	-2.00
137346	-2	-1.95
137366	-2	-1.95
137386	-2	-1.90
137406	-2	-2.00
137426	-2	-1.95
137446	-2	-2.00
137466	-2	-1.95
137486	-2	-1.95
137506	-2	-1.95
137526	-2	-1.95
137546	-2	-1.95
137566	-2	-2.00
137586	-2	-1.95
137606	-2	-2.00
137626	-2	-1.95
137646	-2	-1.95
137666	-2	-1.95
137686	-2	-2.00
137706	-2	-1.95
137726	-2	-1.95
137746	-2	-2.00
137766	-2	-2.00
137786	-2	-1.90
137806	-2	-2.00
137826	-2	-1.95
137846	-2	-2.00
137866	-2	-1.95
137886	-2	-2.00
137906	-2	-1.95
137926	-2	-2.00
137946	-2	-1.95
137966	-2	-2.00
137986	-2	-2.00
138006	-2	-1.95
138026	-2	-2.00
138046	-2	-2.00
138066	-2	-1.95
138086	-2	-2.00
138106	-2	-2.00
138126	-2	-2.00
138146	-2	-1.95
138166	-2	-1.95
138186	-2	-2.05
138206	-2	-1.95
138226	-2	-2.00
138246	-2	-2.00
138266	-2	-1.95
138286	-2	-2.05
138306	-2	-2.00
138326	-2	-1.95
138346	-2	-2.00
138366	-2	-2.00
138386	-2	-2.00
138406	-2	-1.95
138426	-2	-1.95
138446	-2	-1.95
138466	-2	-1.95
138486	-2	-1.95
138506	-2	-2.00
138526	-2	-2.05
138546	-2	-1.95
138566	-2	-2.00
138586	-2	-2.00
138606	-2	-2.00
138626	-2	-1.95
138646	-2	-2.00
138666	-2	-2.00
138686	-2	-2.00
138706	-2	-2.00
138726	-2	-2.00
138746	-2	-2.00
138766	-2	-1.95
138786	-2	-2.00
138806	-2	-1.95
138826	-2	-1.95
138846	-2	-1.95
138866	-2	-2.00
138886	-2	-2.00
138906	-2	-2.00
138926	-2	-2.00
138946	-2	-2.00
138966	-2	-2.00
138986	-2	-2.00
139006	-2	-2.00
139026	-2	-2.00
139046	-2	-2.00
139066	-2	-2.00
139086	-2	-1.95
139106	-2	-2.00
139126	-2	-2.00
139146	-2	-2.00
139166	-2	-2.00
139186	-2	-2.00
139206	-2	-2.05
139226	-2	-2.00
139246	-2	-1.95
139266	-2	-2.00
139286	-2	-2.00
139306	-2	-2.05
139326	-2	-1.95
139346	-2	-2.00
139366	-2	-2.00
139386	-2	-2.00
139406	-2	-2.00
139426	-2	-1.95
139446	-2	-2.00
139466	-2	-2.00
139486	-2	-2.00
139506	-2	-1.95
139526	-2	-2.05
139546	-2	-2.05
139566	-2	-1.95
139586	-1	-1.85
139606	-1	-1.65
139626	-1	-1.35
139646	-0	-0.95
139666	-0	-0.75
139686	-0	-0.60
139706	-0	-0.35
139726	-0	-0.25
139746	0	-0.20
139766	0	-0.11
139786	0	-0.05
139806	0	-0.05
139826	0	-0.05
139846	0	0.00
139866	0	0.00
139886	0	0.00
139906	0	0.00
139926	0	0.00
139946	0	0.00
139966	0	0.00
139986	0	0.00
140006	0	0.00
140026	0	0.00
140046	0	0.00
140066	0	0.00
140086	0	0.00
140106	0	0.00
140126	0	0.00
140146	0	0.00
140166	0	0.00
140186	0	0.00
140206	0	0.00
140226	0	0.00
140246	0	0.00
140266	0	0.00
140286	0	0.00
140306	0	0.00
140326	0	0.00
140346	0	0.00
140366	0	0.00
140386	0	0.00
140406	0	0.00
140426	0	0.00
140446	0	0.00
140466	0	0.00
140486	0	0.00
140506	0	0.00
140526	0	0.00
140546	0	0.00
140566	0	0.00
140586	0	0.00
140606	0	0.00
140626	0	0.00
140646	0	0.00
140666	0	0.00
140686	0	0.00
140706	0	0.00
140726	0	0.00
140746	0	0.00
140766	0	0.00
140786	0	0.00
140806	0	0.00
140826	0	0.00
140846	0	0.00
140866	0	0.00
140886	0	0.00
140906	0	0.00
140926	0	0.00
140946	0	0.00
140966	0	0.00
140986	0	0.00
141006	0	0.00
141026	0	0.00
141046	0	0.00
141066	0	0.00
141086	0	0.00
141106	0	0.00
141126	0	0.00
141146	0	0.00
141166	0	0.00
141186	0	0.00
141206	0	0.00
141226	0	0.00
141246	0	0.00
141266	0	0.00
141286	0	0.00
141306	0	0.00
141326	0	0.00
141346	0	0.00
141366	0	0.00
141386	0	0.00
141406	0	0.00
141426	0	0.00
141446	0	0.00
141466	0	0.00
141486	0	0.00
141506	0	0.00
141526	0	0.00
141546	0	0.00
141566	0	0.00
141586	0	0.00
141606	0	0.00
141626	0	0.00
141646	0	0.00
141666	0	0.00
141686	0	0.00
141706	0	0.00
141726	0	0.00
141746	0	0.00
141766	0	0.00
141786	0	0.00
141806	0	0.00
141826	0	0.00
141846	0	0.00
141866	0	0.00
141886	0	0.00
141906	0	0.00
141926	0	0.00
141946	0	0.00
141966	0	0.00
141986	0	0.00
142006	0	0.00
142026	0	0.00
142046	0	0.00
142066	0	0.00
142086	0	0.00
142106	0	0.00
142126	0	0.00
142146	0	0.00
142166	0	0.00
142186	0	0.00
142206	0	0.00
142226	0	0.00
142246	0	0.00
142266	0	0.00
142286	0	0.00
142306	0	0.00
142326	0	0.00
142346	0	0.00
142366	0	0.00
142386	0	0.00
142406	0	0.00
142426	0	0.00
142446	0	0.00
142466	0	0.00
142486	0	0.00
142506	0	0.00
142526	0	0.00
142546	0	0.00
142566	0	0.00
142586	0	0.00
142606	0	0.00
142626	0	0.00
142646	0	0.05
142666	0	0.00
142686	0	0.00
142706	0	0.00
142726	0	0.00
142746	0	0.00
142766	0	0.00
142786	0	0.00
142806	0	0.00
142826	0	0.00
142846	0	0.00
142866	0	0.00
142886	0	0.00
142906	0	0.00
142926	0	0.00
142946	0	0.00
142966	0	0.00
142986	0	0.00
143006	0	0.00
143026	0	0.00
143046	0	0.00
143066	0	0.00
143086	0	0.00
143106	0	0.00
143126	0	0.00
143146	0	0.00
143166	0	0.00
143186	0	0.00
143206	0	0.00
143226	0	0.00
143246	0	0.00
143266	0	0.00
143286	0	0.00
143306	0	0.00
143326	0	0.00
143346	0	0.00
143366	0	0.00
143386	0	0.00
143406	0	0.00
143426	0	0.00
143446	0	0.00
143466	0	0.00
143486	0	0.00
143506	0	0.00
143526	0	0.00
143546	0	0.00
143566	0	0.05
143586	0	0.00
143606	0	0.00
143626	0	0.00
143646	0	0.00
143666	0	0.00
143686	0	0.00
143706	0	0.00
143726	0	0.00
143746	0	0.00
143766	0	0.00
143786	0	0.00
143806	0	0.00
143826	0	0.00
143846	0	0.00
143866	0	0.00
143886	0	0.00
143906	0	0.00
143926	0	0.00
143946	0	0.00
143966	0	0.00
143986	0	0.05
144006	0	0.00
144026	0	0.00
144046	0	0.00
144066	0	0.00
144086	0	0.00
144106	0	-0.05
144126	0	0.00
144146	0	0.00
144166	0	0.00
144186	0	0.00
144206	0	0.00
144226	0	0.00
144246	0	0.00
144266	0	0.00
144286	0	0.00
144306	0	0.00
144326	0	0.00
144346	0	0.00
144366	0	0.00
144386	0	0.00
144406	0	0.00
144426	0	0.00
144446	0	0.00
144466	0	0.00
144486	0	0.00
144506	0	0.00
144526	0	0.00
144546	0	0.00
144566	0	0.00
144586	0	0.00
144606	0	0.00
144626	0	0.00
144646	0	0.00
144666	0	0.00
144686	0	0.00
144706	0	0.00
144726	0	0.00
144746	0	0.00
144766	0	0.00
144786	0	0.00
144806	0	0.00
144826	0	0.00
144846	0	0.00
144866	0	0.00
144886	0	0.00
144906	0	0.00
144926	0	0.00
144946	0	0.00
144966	0	0.00
144986	0	0.00
145006	0	0.00
145026	0	0.00
145046	0	0.00
145066	0	0.05
145086	0	0.00
145106	0	0.00
145126	0	0.00
145146	0	0.00
145166	0	0.00
145186	0	0.00
145206	0	0.00
145226	0	0.00
145246	0	0.00
145266	0	0.00
145286	0	0.00
145306	0	0.00
145326	0	0.00
145346	0	0.00
145366	0	0.00
145386	0	0.00
145406	0	0.00
145426	0	0.00
145446	0	0.00
145466	0	0.00
145486	0	0.00
145506	0	0.00
145526	0	0.00
145546	0	0.00
145566	0	0.00
145586	0	0.00
145606	0	0.00
145626	0	0.00
145646	0	0.00
145666	0	0.00
145686	0	0.00
145706	0	0.00
145726	0	0.00
145746	0	0.00
145766	0	0.00
145786	0	0.00
145806	0	0.00
145826	0	0.00
145846	0	0.00
145866	0	0.00
145886	0	0.00
145906	0	0.00
145926	0	0.00
145946	0	0.00
145966	0	0.00
145986	0	0.00
146006	0	0.00
146026	0	0.00
146046	0	0.00
146066	0	0.00
146086	0	0.00
146106	0	0.00
146126	0	0.00
146146	0	0.00
146166	0	0.00
146186	0	0.00
146206	0	0.00
146226	0	0.00
146246	0	0.00
146266	0	0.00
146286	0	0.00
146306	0	0.00
146326	0	0.00
146346	0	0.00
146366	0	0.00
146386	0	0.00
146406	0	0.00
146426	0	0.00
146446	0	0.00
146466	0	0.00
146486	0	0.00
146506	0	0.00
146526	0	0.00
146546	0	0.00
146566	0	0.00
146586	0	0.00
146606	0	0.00
146626	0	0.00
146646	0	0.00
146666	0	0.00
146686	0	0.00
146706	0	0.00
146726	0	0.00
146746	0	0.00
146766	0	0.00
146786	0	0.00
146806	0	0.00
146826	0	0.00
146846	0	0.00
146866	0	0.00
146886	0	0.00
146906	0	0.00
146926	0	0.00
146946	0	0.00
146966	0	0.00
146986	0	0.00
147006	0	0.00
147026	0	0.00
147046	0	0.00
147066	0	0.00
147086	0	0.00
147106	0	0.00
147126	0	0.00
147146	0	0.00
147166	0	0.00
147186	0	0.00
147206	0	0.00
147226	0	0.00
147246	0	0.00
147266	0	0.00
147286	0	0.00
147306	0	0.00
147326	0	0.00
147346	0	0.00
147366	0	0.00
147386	0	0.00
147406	0	0.00
147426	0	0.00
147446	0	0.00
147466	0	0.00
147486	0	0.00
147506	0	0.00
147526	0	0.00
147546	0	0.00
147566	0	0.00
147586	0	0.00
147606	0	0.00
147626	0	0.00
147646	0	0.00
147666	0	0.00
147686	0	0.00
147706	0	0.00
147726	0	0.00
147746	0	0.00
147766	0	0.00
147786	0	0.00
147806	0	0.00
147826	0	0.00
147846	0	0.00
147866	0	0.00
147886	0	0.00
147906	0	0.00
147926	0	0.00
147946	0	0.00
147966	0	0.00
147986	0	0.00
148006	0	0.00
148026	0	0.00
148046	0	0.00
148066	0	0.00
148086	0	0.00
148106	0	0.00
148126	0	0.00
148146	0	0.00
148166	0	0.00
148186	0	0.00
148206	0	0.00
148226	0	0.00
148246	0	0.00
148266	0	0.00
148286	0	0.00
148306	0	0.00
148326	0	0.00
148346	0	0.00
148366	0	0.00
148386	0	0.00
148406	0	0.00
148426	0	0.00
148446	0	0.00
148466	0	0.00
148486	0	0.00
148506	0	0.00
148526	0	0.00
148546	0	0.00
148566	0	0.00
148586	0	0.00
148606	0	0.00
148626	0	0.00
148646	0	0.00
148666	0	0.00
148686	0	0.00
148706	0	0.00
148726	0	0.00
148746	0	0.00
148766	0	0.00
148786	0	0.00
148806	0	0.00
148826	0	0.00
148846	0	0.00
148866	0	0.00
148886	0	0.00
148906	0	0.00
148926	0	0.00
148946	0	0.00
148966	0	0.00
148986	0	0.00
149006	0	0.00
149026	0	0.00
149046	0	0.00
149066	0	0.00
149086	0	0.00
149106	0	0.00
149126	0	0.00
149146	0	0.00
149166	0	0.00
149186	0	0.00
149206	0	0.00
149226	0	0.00
149246	0	0.00
149266	0	0.00
149286	0	0.00
149306	0	0.00
149326	0	0.00
149346	0	0.00
149366	0	0.00
149386	0	0.00
149406	0	0.00
149426	0	0.00
149446	0	0.00
149466	0	0.00
149486	0	0.00
149506	0	0.00
149526	0	0.00
149546	0	0.00
149566	0	0.00
149586	0	0.00
149606	0	0.00
149626	0	0.00
149646	0	0.00
149666	0	0.00
149686	0	0.00
149706	0	0.00
149726	0	0.00
149746	0	0.00
149766	0	0.00
149786	0	0.00
149806	0	0.00
149826	0	0.00
149846	0	0.00
149866	0	0.00
149886	0	0.00
149906	0	0.00
149926	0	0.00
149946	0	0.00
149966	0	0.00
149986	0	0.00
150006	0	0.00
150026	0	0.00
150046	0	0.00
150066	0	0.00
150086	0	0.00
150106	0	0.00
150126	0	0.00
150146	0	0.00
150166	0	0.00
150186	0	0.00
150206	0	0.00
150226	0	0.00
150246	0	0.00
150266	0	0.00
150286	0	0.00
150306	0	0.00
150326	0	0.00
150346	0	0.00
150366	0	0.00
150386	0	0.00
150406	0	0.00
150426	0	0.00
150446	0	0.00
150466	0	0.00
150486	0	0.00
150506	0	0.00
150526	0	0.00
150546	0	0.00
150566	0	0.00
150586	0	0.00
150606	0	0.00
150626	0	0.00
150646	0	0.00
150666	0	0.00
150686	0	0.00
150706	0	0.00
150726	0	0.00
150746	0	0.00
150766	0	0.00
150786	0	0.00
150806	0	0.00
150826	0	0.00
150846	0	0.00
150866	0	0.00
150886	0	0.00
150906	0	0.00
150926	0	0.00
150946	0	0.00
150966	0	0.00
150986	0	0.00
151006	0	0.00
151026	0	0.00
151046	0	0.00
151066	0	0.00
151086	0	0.00
151106	0	0.00
151126	0	0.00
151146	0	0.00
151166	0	0.00
151186	0	0.00
151206	0	0.00
151226	0	0.00
151246	0	0.00
151266	0	0.00
151286	0	0.00
151306	0	0.00
151326	0	0.00
151346	0	0.00
151366	0	0.00
151386	0	0.00
151406	0	0.00
151426	0	0.00
151446	0	0.00
151466	0	0.00
151486	0	0.00
151506	0	0.00
151526	0	0.00
151546	0	0.00
151566	0	0.00
151586	0	0.00
151606	0	0.00
151626	0	0.00
151646	0	0.00
151666	0	0.00
151686	0	0.00
151706	0	0.00
151726	0	0.00
151746	0	0.00
151766	0	0.00
151786	0	0.00
151806	0	0.00
151826	0	0.00
151846	0	0.00
151866	0	0.00
151886	0	0.00
151906	0	0.00
151926	0	0.00
151946	0	0.00
151966	0	0.00
151986	0	0.00
152006	0	0.00
152026	0	0.00
152046	0	0.00
152066	0	0.00
152086	0	0.00
152106	0	0.00
152126	0	0.00
152146	0	0.00
152166	0	0.00
152186	0	0.00
152206	0	0.00
152226	0	0.00
152246	0	0.00
152266	0	0.00
152286	0	0.00
152306	0	0.00
152326	0	0.00
152346	0	0.00
152366	0	0.00
152386	0	0.00
152406	0	0.00
152426	0	0.00
152446	0	0.00
152466	0	0.00
152486	0	0.00
152506	0	0.00
152526	0	0.00
152546	0	0.00
152566	0	0.00
152586	0	0.00
152606	0	0.00
152626	0	0.00
152646	0	0.00
152666	0	0.00
152686	0	0.00
152706	0	0.00
152726	0	0.00
152746	0	0.00
152766	0	0.00
152786	0	0.00
152806	0	0.00
152826	0	0.00
152846	0	0.00
152866	0	0.00
152886	0	0.00
152906	0	0.00
152926	0	0.00
152946	0	0.00
152966	0	0.00
152986	0	0.00
153006	0	0.00
153026	0	0.00
153046	0	0.00
153066	0	0.00
153086	0	0.00
153106	0	0.00
153126	0	0.00
153146	0	0.00
153166	0	0.00
153186	0	0.00
153206	0	0.00
153226	0	0.00
153246	0	0.00
153266	0	0.00
153286	0	0.00
153306	0	0.00
153326	0	0.00
153346	0	0.00
153366	0	0.00
153386	0	0.00
153406	0	0.00
153426	0	0.00
153446	0	0.00
153466	0	0.00
153486	0	0.00
153506	0	0.00
153526	0	0.00
153546	0	0.00
153566	0	0.00
153586	0	0.00
153606	0	0.00
153626	0	0.00
153646	0	0.00
153666	0	0.00
153686	0	0.00
153706	0	0.00
153726	0	0.00
153746	0	0.00
153766	0	0.00
153786	0	0.00
153806	0	0.00
153826	0	0.00
153846	0	0.00
153866	0	0.00
153886	0	0.00
153906	0	0.00
153926	0	0.00
153946	0	0.00
153966	0	0.00
153986	0	0.00
154006	0	0.00
154026	0	0.00
154046	0	0.00
154066	0	0.00
154086	0	0.00
154106	0	0.00
154126	0	0.00
154146	0	0.00
154166	0	0.00
154186	0	0.00
154206	0	0.00
154226	0	0.00
154246	0	0.00
154266	0	0.00
154286	0	0.00
154306	0	0.00
154326	0	0.00
154346	0	0.00
154366	0	0.00
154386	0	0.00
154406	0	0.00
154426	0	0.00
154446	0	0.00
154466	0	0.00
154486	0	0.00
154506	0	0.00
154526	0	0.00
154546	0	0.00
154566	0	0.00
154586	0	0.00
154606	0	0.00
154626	0	0.00
154646	0	0.00
154666	0	0.00
154686	0	0.00
154706	0	0.00
154726	0	0.00
154746	0	0.00
154766	0	0.00
154786	0	0.00
154806	0	0.00
154826	0	0.00
154846	0	0.00
154866	0	0.00
154886	0	0.00
154906	0	0.00
154926	0	0.00
154946	0	0.00
154966	0	0.00
154986	0	0.00
155006	0	0.00
155026	0	0.00
155046	0	0.00
155066	0	0.00
155086	0	0.00
155106	0	0.00
155126	0	0.00
155146	0	0.00
155166	0	0.00
155186	0	0.00
155206	0	0.00
155226	0	0.00
155246	0	0.00
155266	0	0.00
155286	0	0.00
155306	0	0.00
155326	0	0.00
155346	0	0.00
155366	0	0.00
155386	0	0.00
155406	0	0.00
155426	0	0.00
155446	0	0.00
155466	0	0.00
155486	0	0.00
155506	0	0.00
155526	0	0.00
155546	0	0.00
155566	0	0.00
155586	0	0.00
155606	0	0.00
155626	0	0.00
155646	0	0.00
155666	0	0.00
155686	0	0.00
155706	0	0.00
155726	0	0.00
155746	0	0.00
155766	0	0.00
155786	0	0.00
155806	0	0.00
155826	0	0.00
155846	0	0.00
155866	0	0.00
155886	0	0.00
155906	0	0.00
155926	0	0.00
155946	0	0.00
155966	0	0.00
155986	0	0.00
156006	0	0.00
156026	0	0.00
156046	0	0.00
156066	0	0.00
156086	0	0.00
156106	0	0.00
156126	0	0.00
156146	0	0.00
156166	0	0.00
156186	0	0.00
156206	0	0.00
156226	0	0.00
156246	0	0.00
156266	0	0.00
156286	0	0.00
156306	0	0.00
156326	0	0.00
156346	0	0.00
156366	0	0.00
156386	0	0.00
156406	0	0.00
156426	0	0.00
156446	0	0.00
156466	0	0.00
156486	0	0.00
156506	0	0.00
156526	0	0.00
156546	0	0.00
156566	0	0.00
156586	0	0.00
156606	0	0.00
156626	0	0.00
156646	0	0.00
156666	0	0.00
156686	0	0.00
156706	0	0.00
156726	0	0.00
156746	0	0.00
156766	0	0.00
156786	0	0.00
156806	0	0.00
156826	0	0.00
156846	0	0.00
156866	0	0.00
156886	0	0.00
156906	0	0.00
156926	0	0.00
156946	0	0.00
156966	0	0.00
156986	0	0.00
157006	0	0.00
157026	0	0.00
157046	0	0.00
157066	0	0.00
157086	0	0.00
157106	0	0.00
157126	0	0.00
157146	0	0.00
157166	0	0.00
157186	0	0.00
157206	0	0.00
157226	0	0.00
157246	0	0.00
157266	0	0.00
157286	0	0.00
157306	0	0.00
157326	0	0.00
157346	0	0.00
157366	0	0.00
157386	0	0.00
157406	0	0.00
157426	0	0.00
157446	0	0.00
157466	0	0.00
157486	0	0.00
157506	0	0.00
157526	0	0.00
157546	0	0.00
157566	0	0.00
157586	0	0.00
157606	0	0.00
157626	0	0.00
157646	0	0.00
157666	0	0.00
157686	0	0.00
157706	0	0.00
157726	0	0.00
157746	0	0.00
157766	0	0.00
157786	0	0.00
157806	0	0.00
157826	0	0.00
157846	0	0.00
157866	0	0.00
157886	0	0.00
157906	0	0.00
157926	0	0.00
157946	0	0.00
157966	0	0.00
157986	0	0.00
158006	0	0.00
158026	0	0.00
158046	0	0.00
158066	0	0.00
158086	0	0.00
158106	0	0.00
158126	0	0.00
158146	0	0.00
158166	0	0.00
158186	0	0.00
158206	0	0.00
158226	0	0.00
158246	0	0.00
158266	0	0.00
158286	0	0.00
158306	0	0.00
158326	0	0.00
158346	0	0.00
158366	0	0.00
158386	0	0.00
158406	0	0.00
158426	0	0.00
158446	0	0.00
158466	0	0.00
158486	0	0.00
158506	0	0.00
158526	0	0.00
158546	0	0.00
158566	0	0.00
158586	0	0.00
158606	0	0.00
158626	0	0.00
158646	0	0.00
158666	0	0.00
158686	0	0.00
158706	0	0.00
158726	0	0.00
158746	0	0.00
158766	0	0.00
158786	0	0.00
158806	0	0.00
158826	0	0.00
158846	0	0.00
158866	0	0.00
158886	0	0.00
158906	0	0.00
158926	0	0.00
158946	0	0.00
158966	0	0.00
158986	0	0.00
159006	0	0.00
159026	0	0.00
159046	0	0.00
159066	0	0.00
159086	0	0.00
159106	0	0.00
159126	0	0.00
159146	0	0.00
159166	0	0.00
159186	0	0.00
159206	0	0.00
159226	0	0.00
159246	0	0.00
159266	0	0.00
159286	0	0.00
159306	0	0.00
159326	0	0.00
159346	0	0.00
159366	0	0.00
159386	0	0.00
159406	0	0.00
159426	0	0.00
159446	0	0.00
159466	0	0.00
159486	0	0.00
159506	0	0.00
159526	0	0.00
159546	0	0.00
159566	0	0.00
159586	0	0.00
159606	0	0.00
159626	0	0.00
159646	0	0.00
159666	0	0.00
159686	0	0.00
159706	0	0.00
159726	0	0.00
159746	0	0.00
159766	0	0.00
159786	0	0.00
159806	0	0.00
159826	0	0.00
159846	0	0.00
159866	0	0.00
159886	0	0.00
159906	0	0.00
159926	0	0.00
159946	0	0.00
159966	0	0.00
159986	0	0.00
160006	0	0.00
160026	0	0.00
160046	0	0.00
160066	0	0.00
160086	0	0.00
160106	0	0.00
160126	0	0.00
160146	0	0.00
160166	0	0.00
160186	0	0.00
160206	0	0.00
160226	0	0.00
160246	0	0.00
160266	0	0.00
160286	0	0.00
160306	0	0.00
160326	0	0.00
160346	0	0.00
160366	0	0.00
160386	0	0.00
160406	0	0.00
160426	0	0.00
160446	0	0.00
160466	0	0.00
160486	0	0.00
160506	0	0.00
160526	0	0.00
160546	0	0.00
160566	0	0.00
160586	0	0.00
160606	0	0.00
160626	0	0.00
160646	0	0.00
160666	0	0.00
160686	0	0.00
160706	0	0.00
160726	0	0.00
160746	0	0.00
160766	0	0.00
160786	0	0.00
160806	0	0.00
160826	0	0.00
160846	0	0.00
160866	0	0.00
160886	0	0.00
160906	0	0.00
160926	0	0.00
160946	0	0.00
160966	0	0.00
160986	0	0.00
161006	0	0.00
161026	0	0.00
161046	0	0.00
161066	0	0.00
161086	0	0.00
161106	0	0.00
161126	0	0.00
161146	0	0.00
161166	0	0.00
161186	0	0.00
161206	0	0.00
161226	0	0.00
161246	0	0.00
161266	0	0.00
161286	0	0.00
161306	0	0.00
161326	0	0.00
161346	0	0.00
161366	0	0.00
161386	0	0.00
161406	0	0.00
161426	0	0.00
161446	0	0.00
161466	0	0.00
161486	0	0.00
161506	0	0.00
161526	0	0.00
161546	0	0.00
161566	0	0.00
161586	0	0.00
161606	0	0.00
161626	0	0.00
161646	0	0.00
161666	0	0.00
161686	0	0.00
161706	0	0.00
161726	0	0.00
161746	0	0.00
161766	0	0.00
161786	0	0.00
161806	0	0.00
161826	0	0.00
161846	0	0.00
161866	0	0.00
161886	0	0.00
161906	0	0.00
161926	0	0.00
161946	0	0.00
161966	0	0.00
161986	0	0.00
162006	0	0.00
162026	0	0.00
162046	0	0.00
162066	0	0.00
162086	0	0.00
162106	0	0.00
162126	0	0.00
162146	0	0.00
162166	0	0.00
162186	0	0.00
162206	0	0.00
162226	0	0.00
162246	0	0.00
162266	0	0.00
162286	0	0.00
162306	0	0.00
162326	0	0.00
162346	0	0.00
162366	0	0.00
162386	0	0.00
162406	0	0.00
162426	0	0.00
162446	0	0.00
162466	0	0.00
162486	0	0.00
162506	0	0.00
162526	0	0.00
162546	0	0.00
162566	0	0.00
162586	0	0.00
162606	0	0.00
162626	0	0.00
162646	0	0.00
162666	0	0.00
162686	0	0.00
162706	0	0.00
162726	0	0.00
162746	0	0.00
162766	0	0.00
162786	0	0.00
162806	0	0.00
162826	0	0.00
162846	0	0.00
162866	0	0.00
162886	0	0.00
162906	0	0.00
162926	0	0.00
162946	0	0.00
162966	0	0.00
162986	0	0.00
163006	0	0.00
163026	0	0.00
163046	0	0.00
163066	0	0.00
163086	0	0.00
163106	0	0.00
163126	0	0.00
163146	0	0.00
163166	0	0.00
163186	0	0.00
163206	0	0.00
163226	0	0.00
163246	0	0.00
163266	0	0.00
163286	0	0.00
163306	0	0.00
163326	0	0.00
163346	0	0.00
163366	0	0.00
163386	0	0.00
163406	0	0.00
163426	0	0.00
163446	0	0.00
163466	0	0.00
163486	0	0.00
163506	0	0.00
163526	0	0.00
163546	0	0.00
163566	0	0.00
163586	0	0.00
163606	0	0.00
163626	0	0.00
163646	0	0.00
163666	0	0.00
163686	0	0.00
163706	0	0.00
163726	0	0.00
163746	0	0.00
163766	0	0.00
163786	0	0.00
163806	0	0.00
163826	0	0.00
163846	0	0.00
163866	0	0.00
163886	0	0.00
163906	0	0.00
163926	0	0.00
163946	0	0.00
163966	0	0.00
163986	0	0.00
164006	0	0.00
164026	0	0.00
164046	0	0.00
164066	0	0.00
164086	0	0.00
164106	0	0.00
164126	0	0.00
164146	0	0.00
164166	0	0.00
164186	0	0.00
164206	0	0.00
164226	0	0.00
164246	0	0.00
164266	0	0.00
164286	0	0.00
164306	0	0.00
164326	0	0.00
164346	0	0.00
164366	0	0.00
164386	0	0.00
164406	0	0.00
164426	0	0.00
164446	0	0.00
164466	0	0.00
164486	0	0.00
164506	0	0.00
164526	0	0.00
164546	0	0.00
164566	0	0.00
164586	0	0.00
164606	0	0.00
164626	0	0.00
164646	0	0.00
164666	0	0.00
164686	0	0.00
164706	0	0.00
164726	0	0.00
164746	0	0.00
164766	0	0.00
164786	0	0.00
164806	0	0.00
164826	0	0.00
164846	0	0.00
164866	0	0.00
164886	0	0.00
164906	0	0.00
164926	0	0.00
164946	0	0.00
164966	0	0.00
164986	0	0.00
165006	0	0.00
165026	0	0.00
165046	0	0.00
165066	0	0.00
165086	0	0.00
165106	0	0.00
165126	0	0.00
165146	0	0.00
165166	0	0.00
165186	0	0.00
165206	0	0.00
165226	0	0.00
165246	0	0.00
165266	0	0.00
165286	0	0.00
165306	0	0.00
165326	0	0.00
165346	0	0.00
165366	0	0.00
165386	0	0.00
165406	0	0.00
165426	0	0.00
165446	0	0.00
165466	0	0.00
165486	0	0.00
165506	0	0.00
165526	0	0.00
165546	0	0.00
165566	0	0.00
165586	0	0.00
165606	0	0.00
165626	0	0.00
165646	0	0.00
165666	0	0.00
165686	0	0.00
165706	0	0.00
165726	0	0.00
165746	0	0.00
165766	0	0.00
165786	0	0.00
165806	0	0.00
165826	0	0.00
165846	0	0.00
165866	0	0.00
165886	0	0.00
165906	0	0.00
165926	0	0.00
165946	0	0.00
165966	0	0.00
165986	0	0.00
166006	0	0.00
166026	0	0.00
166046	0	0.00
166066	0	0.00
166086	0	0.00
166106	0	0.00
166126	0	0.00
166146	0	0.00
166166	0	0.00
166186	0	0.00
166206	0	0.00
166226	0	0.00
166246	0	0.00
166266	0	0.00
166286	0	0.00
166306	0	0.00
166326	0	0.00
166346	0	0.00
166366	0	0.00
166386	0	0.00
166406	0	0.00
166426	0	0.00
166446	0	0.00
166466	0	0.00
166486	0	0.00
166506	0	0.00
166526	0	0.00
166546	0	0.00
166566	0	0.00
166586	0	0.00
166606	0	0.00
166626	0	0.00
166646	0	0.00
166666	0	0.00
166686	0	0.00
166706	0	0.00
166726	0	0.00
166746	0	0.00
166766	0	0.00
166786	0	0.00
166806	0	0.00
166826	0	0.00
166846	0	0.00
166866	0	0.00
166886	0	0.00
166906	0	0.00
166926	0	0.00
166946	0	0.00
166966	0	0.00
166986	0	0.00
167006	0	0.00
167026	0	0.00
167046	0	0.00
167066	0	0.00
167086	0	0.00
167106	0	0.00
167126	0	0.00
167146	0	0.00
167166	0	0.00
167186	0	0.00
167206	0	0.00
167226	0	0.00
167246	0	0.00
167266	0	0.00
167286	0	0.00
167306	0	0.00
167326	0	0.00
167346	0	0.00
167366	0	0.00
167386	0	0.00
167406	0	0.00
167426	0	0.00
167446	0	0.00
167466	0	0.00
167486	0	0.00
167506	0	0.00
167526	0	0.00
167546	0	0.00
167566	0	0.00
167586	0	0.00
167606	0	0.00
167626	0	0.00
167646	0	0.00
167666	0	0.00
167686	0	0.00
167706	0	0.00
167726	0	0.00
167746	0	0.00
167766	0	0.00
167786	0	0.00
167806	0	0.00
167826	0	0.00
167846	0	0.00
167866	0	0.00
167886	0	0.00
167906	0	0.00
167926	0	0.00
167946	0	0.00
167966	0	0.00
167986	0	0.00
168006	0	0.00
168026	0	0.00
168046	0	0.00
168066	0	0.00
168086	0	0.00
168106	0	0.00
168126	0	0.00
168146	0	0.00
168166	0	0.00
168186	0	0.00
168206	0	0.00
168226	0	0.00
168246	0	0.00
168266	0	0.00
168286	0	0.00
168306	0	0.00
168326	0	0.00
168346	0	0.00
168366	0	0.00
168386	0	0.00
168406	0	0.00
168426	0	0.00
168446	0	0.00
168466	0	0.00
168486	0	0.00
168506	0	0.00
168526	0	0.00
168546	0	0.00
168566	0	0.00
168586	0	0.00
168606	0	0.00
168626	0	0.00
168646	0	0.00
168666	0	0.00
168686	0	0.00
168706	0	0.00
168726	0	0.00
168746	0	0.00
168766	0	0.00
168786	0	0.00
168806	0	0.00
168826	0	0.00
168846	0	0.00
168866	0	0.00
168886	0	0.00
168906	0	0.00
168926	0	0.00
168946	0	0.00
168966	0	0.00
168986	0	0.00
169006	0	0.00
169026	0	0.00
169046	0	0.00
169066	0	0.00
169086	0	0.00
169106	0	0.00
169126	0	0.00
169146	0	0.00
169166	0	0.00
169186	0	0.00
169206	0	0.00
169226	0	0.00
169246	0	0.00
169266	0	0.00
169286	0	0.00
169306	0	0.00
169326	0	0.00
169346	0	0.00
169366	0	0.00
169386	0	0.00
169406	0	0.00
169426	0	0.00
169446	0	0.00
169466	0	0.00
169486	0	0.00
169506	0	0.00
169526	0	0.00
169546	0	0.00
169566	0	0.00
169586	0	0.00
169606	0	0.00
169626	0	0.00
169646	0	0.00
169666	0	0.00
169686	0	0.00
169706	0	0.00
169726	0	0.00
169746	0	0.00
169766	0	0.00
169786	0	0.00
169806	0	0.00
169826	0	0.00
169846	0	0.00
169866	0	0.00
169886	0	0.00
169906	0	0.00
169926	0	0.00
169946	0	0.00
169966	0	0.00
169986	0	0.00
170006	0	0.00
170026	0	0.00
170046	0	0.00
170066	0	0.00
170086	0	0.00
170106	0	0.00
170126	0	0.00
170146	0	0.00
170166	0	0.00
170186	0	0.00
170206	0	0.00
170226	0	0.00
170246	0	0.00
170266	0	0.00
170286	0	0.00
170306	0	0.00
170326	0	0.00
170346	0	0.00
170366	0	0.00
170386	0	0.00
170406	0	0.00
170426	0	0.00
170446	0	0.00
170466	0	0.00
170486	0	0.00
170506	0	0.00
170526	0	0.00
170546	0	0.00
170566	0	0.00
170586	0	0.00
170606	0	0.00
170626	0	0.00
170646	0	0.00
170666	0	0.00
170686	0	0.00
170706	0	0.00
170726	0	0.00
170746	0	0.00
170766	0	0.00
170786	0	0.00
170806	0	0.00
170826	0	0.00
170846	0	0.00
170866	0	0.00
170886	0	0.00
170906	0	0.00
170926	0	0.00
170946	0	0.00
170966	0	0.00
170986	0	0.00
171006	0	0.00
171026	0	0.00
171046	0	0.00
171066	0	0.00
171086	0	0.00
171106	0	0.00
171126	0	0.00
171146	0	0.00
171166	0	0.00
171186	0	0.00
171206	0	0.00
171226	0	0.00
171246	0	0.00
171266	0	0.00
171286	0	0.00
171306	0	0.00
171326	0	0.00
171346	0	0.00
171366	0	0.00
171386	0	0.00
171406	0	0.00
171426	0	0.00
171446	0	0.00
171466	0	0.00
171486	0	0.00
171506	0	0.00
171526	0	0.00
171546	0	0.00
171566	0	0.00
171586	0	0.00
171606	0	0.00
171626	0	0.00
171646	0	0.00
171666	0	0.00
171686	0	0.00
171706	0	0.00
171726	0	0.00
171746	0	0.00
171766	0	0.00
171786	0	0.00
171806	0	0.00
171826	0	0.00
171846	0	0.00
171866	0	0.00
171886	0	0.00
171906	0	0.00
171926	0	0.00
171946	0	0.00
171966	0	0.00
171986	0	0.00
172006	0	0.00
172026	0	0.00
172046	0	0.00
172066	0	0.00
172086	0	0.00
172106	0	0.00
172126	0	0.00
172146	0	0.00
172166	0	0.00
172186	0	0.00
172206	0	0.00
172226	0	0.00
172246	0	0.00
172266	0	0.00
172286	0	0.00
172306	0	0.00
172326	0	0.00
172346	0	0.00
172366	0	0.00
172386	0	0.00
172406	0	0.00
172426	0	0.00
172446	0	0.00
172466	0	0.00
172486	0	0.00
172506	0	0.00
172526	0	0.00
172546	0	0.00
172566	0	0.00
172586	0	0.00
172606	0	0.00
172626	0	0.00
172646	0	0.00
172666	0	0.00
172686	0	0.00
172706	0	0.00
172726	0	0.00
172746	0	0.00
172766	0	0.00
172786	0	0.00
172806	0	0.00
172826	0	0.00
172846	0	0.00
172866	0	0.00
172886	0	0.00
172906	0	0.00
172926	0	0.00
172946	0	0.00
172966	0	0.00
172986	0	0.00
173006	0	0.00
173026	0	0.00
173046	0	0.00
173066	0	0.00
173086	0	0.00
173106	0	0.00
173126	0	0.00
173146	0	0.00
173166	0	0.00
173186	0	0.00
173206	0	0.00
173226	0	0.00
173246	0	0.00
173266	0	0.00
173286	0	0.00
173306	0	0.00
173326	0	0.00
173346	0	0.00
173366	0	0.00
173386	0	0.00
173406	0	0.00
173426	0	0.00
173446	0	0.00
173466	0	0.00
173486	0	0.00
173506	0	0.00
173526	0	0.00
173546	0	0.00
173566	0	0.00
173586	0	0.00
173606	0	0.00
173626	0	0.00
173646	0	0.00
173666	0	0.00
173686	0	0.00
173706	0	0.00
173726	0	0.00
173746	0	0.00
173766	0	0.00
173786	0	0.00
173806	0	0.00
173826	0	0.00
173846	0	0.00
173866	0	0.00
173886	0	0.00
173906	0	0.00
173926	0	0.00
173946	0	0.00
173966	0	0.00
173986	0	0.00
174006	0	0.00
174026	0	0.00
174046	0	0.00
174066	0	0.00
174086	0	0.00
174106	0	0.00
174126	0	0.00
174146	0	0.00
174166	0	0.00
174186	0	0.00
174206	0	0.00
174226	0	0.00
174246	0	0.00
174266	0	0.00
174286	0	0.00
174306	0	0.00
174326	0	0.00
174346	0	0.00
174366	0	0.00
174386	0	0.00
174406	0	0.00
174426	0	0.00
174446	0	0.00
174466	0	0.00
174486	0	0.00
174506	0	0.00
174526	0	0.00
174546	0	0.00
174566	0	0.00
174586	0	0.00
174606	0	0.00
174626	0	0.00
174646	0	0.00
174666	0	0.00
174686	0	0.00
174706	0	0.00
174726	0	0.00
174746	0	0.00
174766	0	0.00
174786	0	0.00
174806	0	0.00
174826	0	0.00
174846	0	0.00
174866	0	0.00
174886	0	0.00
174906	0	0.00
174926	0	0.00
174946	0	0.00
174966	0	0.00
174986	0	0.00
175006	0	0.00
175026	0	0.00
175046	0	0.00
175066	0	0.00
175086	0	0.00
175106	0	0.00
175126	0	0.00
175146	0	0.00
175166	0	0.00
175186	0	0.00
175206	0	0.00
175226	0	0.00
175246	0	0.00
175266	0	0.00
175286	0	0.00
175306	0	0.00
175326	0	0.00
175346	0	0.00
175366	0	0.00
175386	0	0.00
175406	0	0.00
175426	0	0.00
175446	0	0.00
175466	0	0.00
175486	0	0.00
175506	0	0.00
175526	0	0.00
175546	0	0.00
175566	0	0.00
175586	0	0.00
175606	0	0.00
175626	0	0.00
175646	0	0.00
175666	0	0.00
175686	0	0.00
175706	0	0.00
175726	0	0.00
175746	0	0.00
175766	0	0.00
175786	0	0.00
175806	0	0.00
175826	0	0.00
175846	0	0.00
175866	0	0.00
175886	0	0.00
175906	0	0.00
175926	0	0.00
175946	0	0.00
175966	0	0.00
175986	0	0.00
176006	0	0.00
176026	0	0.00
176046	0	0.00
176066	0	0.00
176086	0	0.00
176106	0	0.00
176126	0	0.00
176146	0	0.00
176166	0	0.00
176186	0	0.00
176206	0	0.00
176226	0	0.00
176246	0	0.00
176266	0	0.00
176286	0	0.00
176306	0	0.00
176326	0	0.00
176346	0	0.00
176366	0	0.00
176386	0	0.00
176406	0	0.00
176426	0	0.00
176446	0	0.00
176466	0	0.00
176486	0	0.00
176506	0	0.00
176526	0	0.00
176546	0	0.00
176566	0	0.00
176586	0	0.00
176606	0	0.00
176626	0	0.00
176646	0	0.00
176666	0	0.00
176686	0	0.00
176706	0	0.00
176726	0	0.00
176746	0	0.00
176766	0	0.00
176786	0	0.00
176806	0	0.00
176826	0	0.00
176846	0	0.00
176866	0	0.00
176886	0	0.00
176906	0	0.00
176926	0	0.00
176946	0	0.00
176966	0	0.00
176986	0	0.00
177006	0	0.00
177026	0	0.00
177046	0	0.00
177066	0	0.00
177086	0	0.00
177106	0	0.00
177126	0	0.00
177146	0	0.00
177166	0	0.00
177186	0	0.00
177206	0	0.00
177226	0	0.00
177246	0	0.00
177266	0	0.00
177286	0	0.00
177306	0	0.00
177326	0	0.00
177346	0	0.00
177366	0	0.00
177386	0	0.00
177406	0	0.00
177426	0	0.00
177446	0	0.00
177466	0	0.00
177486	0	0.00
177506	0	0.00
177526	0	0.00
177546	0	0.00
177566	0	0.00
177586	0	0.00
177606	0	0.00
177626	0	0.00
177646	0	0.00
177666	0	0.00
177686	0	0.00
177706	0	0.00
177726	0	0.00
177746	0	0.00
177766	0	0.00
177786	0	0.00
177806	0	0.00
177826	0	0.00
177846	0	0.00
177866	0	0.00
177886	0	0.00
177906	0	0.00
177926	0	0.00
177946	0	0.00
177966	0	0.00
177986	0	0.00
178006	0	0.00
178026	0	0.00
178046	0	0.00
178066	0	0.00
178086	0	0.00
178106	0	0.00
178126	0	0.00
178146	0	0.00
178166	0	0.00
178186	0	0.00
178206	0	0.00
178226	0	0.00
178246	0	0.00
178266	0	0.00
178286	0	0.00
178306	0	0.00
178326	0	0.00
178346	0	0.00
178366	0	0.00
178386	0	0.00
178406	0	0.00
178426	0	0.00
178446	0	0.00
178466	0	0.00
178486	0	0.00
178506	0	0.00
178526	0	0.00
178546	0	0.00
178566	0	0.00
178586	0	0.00
178606	0	0.00
178626	0	0.00
178646	0	0.00
178666	0	0.00
178686	0	0.00
178706	0	0.00
178726	0	0.00
178746	0	0.00
178766	0	0.00
178786	0	0.00
178806	0	0.00
178826	0	0.00
178846	0	0.00
178866	0	0.00
178886	0	0.00
178906	0	0.00
178926	0	0.00
178946	0	0.00
178966	0	0.00
178986	0	0.00
179006	0	0.00
179026	0	0.00
179046	0	0.00
179066	0	0.00
179086	0	0.00
179106	0	0.00
179126	0	0.00
179146	0	0.00
179166	0	0.00
179186	0	0.00
179206	0	0.00
179226	0	0.00
179246	0	0.00
179266	0	0.00
179286	0	0.00
179306	0	0.00
179326	0	0.00
179346	0	0.00
179366	0	0.00
179386	0	0.00
179406	0	0.00
179426	0	0.00
179446	0	0.00
179466	0	0.00
179486	0	0.00
179506	0	0.00
179526	0	0.00
179546	0	0.00
179566	0	0.00
179586	0	0.00
179606	0	0.00
179626	0	0.00
179646	0	0.00
179666	0	0.00
179686	0	0.00
179706	0	0.00
179726	0	0.00
179746	0	0.00
179766	0	0.00
179786	0	0.00
179806	0	0.00
179826	0	0.00
179846	0	0.00
179866	0	0.00
179886	0	0.00
179906	0	0.00
179926	0	0.00
179946	0	0.00
179966	0	0.00
179986	0	0.00
180006	0	0.00
180026	0	0.00
180046	0	0.00
180066	0	0.00
180086	0	0.00
180106	0	0.00
180126	0	0.00
180146	0	0.00
180166	0	0.00
180186	0	0.00
180206	0	0.00
180226	0	0.00
180246	0	0.00
180266	0	0.00
180286	0	0.00
180306	0	0.00
180326	0	0.00
180346	0	0.00
180366	0	0.00
180386	0	0.00
180406	0	0.00
180426	0	0.00
180446	0	0.00
180466	0	0.00
180486	0	0.00
180506	0	0.00
180526	0	0.00
180546	0	0.00
180566	0	0.00
180586	0	0.00
180606	0	0.00
180626	0	0.00
180646	0	0.00
180666	0	0.00
180686	0	0.00
180706	0	0.00
180726	0	0.00
180746	0	0.00
180766	0	0.00
180786	0	0.00
180806	0	0.00
180826	0	0.00
180846	0	0.00
180866	0	0.00
180886	0	0.00
180906	0	0.00
180926	0	0.00
180946	0	0.00
180966	0	0.00
180986	0	0.00
181006	0	0.00
181026	0	0.00
181046	0	0.00
181066	0	0.00
181086	0	0.00
181106	0	0.00
181126	0	0.00
181146	0	0.00
181166	0	0.00
181186	0	0.00
181206	0	0.00
181226	0	0.00
181246	0	0.00
181266	0	0.00
181286	0	0.00
181306	0	0.00
181326	0	0.00
181346	0	0.00
181366	0	0.00
181386	0	0.00
181406	0	0.00
181426	0	0.00
181446	0	0.00
181466	0	0.00
181486	0	0.00
181506	0	0.00
181526	0	0.00
181546	0	0.00
181566	0	0.00
181586	0	0.00
181606	0	0.00
181626	0	0.00
181646	0	0.00
181666	0	0.00
181686	0	0.00
181706	0	0.00
181726	0	0.00
181746	0	0.00
181766	0	0.00
181786	0	0.00
181806	0	0.00
181826	0	0.00
181846	0	0.00
181866	0	0.00
181886	0	0.00
181906	0	0.00
181926	0	0.00
181946	0	0.00
181966	0	0.00
181986	0	0.00
182006	0	0.00
182026	0	0.00
182046	0	0.00
182066	0	0.00
182086	0	0.00
182106	0	0.00
182126	0	0.00
182146	0	0.00
182166	0	0.00
182186	0	0.00
182206	0	0.00
182226	0	0.00
182246	0	0.00
182266	0	0.00
182286	0	0.00
182306	0	0.00
182326	0	0.00
182346	0	0.00
182366	0	0.00
182386	0	0.00
182406	0	0.00
182426	0	0.00
182446	0	0.00
182466	0	0.00
182486	0	0.00
182506	0	0.00
182526	0	0.00
182546	0	0.00
182566	0	0.00
182586	0	0.00
182606	0	0.00
182626	0	0.00
182646	0	0.00
182666	0	0.00
182686	0	0.00
182706	0	0.00
182726	0	0.00
182746	0	0.00
182766	0	0.00
182786	0	0.00
182806	0	0.00
182826	0	0.00
182846	0	0.00
182866	0	0.00
182886	0	0.00
182906	0	0.00
182926	0	0.00
182946	0	0.00
182966	0	0.00
182986	0	0.00
183006	0	0.00
183026	0	0.00
183046	0	0.00
183066	0	0.00
183086	0	0.00
183106	0	0.00
183126	0	0.00
183146	0	0.00
183166	0	0.00
183186	0	0.00
183206	0	0.00
183226	0	0.00
183246	0	0.00
183266	0	0.00
183286	0	0.00
183306	0	0.00
183326	0	0.00
183346	0	0.00
183366	0	0.00
183386	0	0.00
183406	0	0.00
183426	0	0.00
183446	0	0.00
183466	0	0.00
183486	0	0.00
183506	0	0.00
183526	0	0.00
183546	0	0.00
183566	0	0.00
183586	0	0.00
183606	0	0.00
183626	0	0.00
183646	0	0.00
183666	0	0.00
183686	0	0.00
183706	0	0.00
183726	0	0.00
183746	0	0.00
183766	0	0.00
183786	0	0.00
183806	0	0.00
183826	0	0.00
183846	0	0.00
183866	0	0.00
183886	0	0.00
183906	0	0.00
183926	0	0.00
183946	0	0.00
183966	0	0.00
183986	0	0.00
184006	0	0.00
184026	0	0.00
184046	0	0.00
184066	0	0.00
184086	0	0.00
184106	0	0.00
184126	0	0.00
184146	0	0.00
184166	0	0.00
184186	0	0.00
184206	0	0.00
184226	0	0.00
184246	0	0.00
184266	0	0.00
184286	0	0.00
184306	0	0.00
184326	0	0.00
184346	0	0.00
184366	0	0.00
184386	0	0.00
184406	0	0.00
184426	0	0.00
184446	0	0.00
184466	0	0.00
184486	0	0.00
184506	0	0.00
184526	0	0.00
184546	0	0.00
184566	0	0.00
184586	0	0.00
184606	0	0.00
184626	0	0.00
184646	0	0.00
184666	0	0.00
184686	0	0.00
184706	0	0.00
184726	0	0.00
184746	0	0.00
184766	0	0.00
184786	0	0.00
184806	0	0.00
184826	0	0.00
184846	0	0.00
184866	0	0.00
184886	0	0.00
184906	0	0.00
184926	0	0.00
184946	0	0.00
184966	0	0.00
184986	0	0.00
185006	0	0.00
185026	0	0.00
185046	0	0.00
185066	0	0.00
185086	0	0.00
185106	0	0.00
185126	0	0.00
185146	0	0.00
185166	0	0.00
185186	0	0.00
185206	0	0.00
185226	0	0.00
185246	0	0.00
185266	0	0.00
185286	0	0.00
185306	0	0.00
185326	0	0.00
185346	0	0.00
185366	0	0.00
185386	0	0.00
185406	0	0.00
185426	0	0.00
185446	0	0.00
185466	0	0.00
185486	0	0.00
185506	0	0.00
185526	0	0.00
185546	0	0.00
185566	0	0.00
185586	0	0.00
185606	0	0.00
185626	0	0.00
185646	0	0.00
185666	0	0.00
185686	0	0.00
185706	0	0.00
185726	0	0.00
185746	0	0.00
185766	0	0.00
185786	0	0.00
185806	0	0.00
185826	0	0.00
185846	0	0.00
185866	0	0.00
185886	0	0.00
185906	0	0.00
185926	0	0.00
185946	0	0.00
185966	0	0.00
185986	0	0.00
186006	0	0.00
186026	0	0.00
186046	0	0.00
186066	0	0.00
186086	0	0.00
186106	0	0.00
186126	0	0.00
186146	0	0.00
186166	0	0.00
186186	0	0.00
186206	0	0.00
186226	0	0.00
186246	0	0.00
186266	0	0.00
186286	0	0.00
186306	0	0.00
186326	0	0.00
186346	0	0.00
186366	0	0.00
186386	0	0.00
186406	0	0.00
186426	0	0.00
186446	0	0.00
186466	0	0.00
186486	0	0.00
186506	0	0.00
186526	0	0.00
186546	0	0.00
186566	0	0.00
186586	0	0.00
186606	0	0.00
186626	0	0.00
186646	0	0.00
186666	0	0.00
186686	0	0.00
186706	0	0.00
186726	0	0.00
186746	0	0.00
186766	0	0.00
186786	0	0.00
186806	0	0.00
